00000000000000000000000000000010000000000000000000000000000000000000000000000000000000000000000000000010000000000000000000000000000000000000000000000000000000000000000000000000000000000000
00000000000000000000000000000010000000000000000000000000000000000000000000000000000000000000000000000010000000000000000000000000000000000000000001000000000000000000000000000000000000000000
00000000000000000000000000000010000000000000000000000000000000000000000000000000000000100000000000000010000000000000000000000000000000000000000001000000000000000000000000000000000000000000
00000000000000000000000000000010000000000000000000000000000000000000000000000000000000100000010000000010000000000000000000000000000000000000000001000000000000000000000000000000000000000000
00000000000000000000000000000000000000100000000000000000000000000000000000000000000000000000000000000000000000000000000000000000000000000000000000000001000000000000000000000000000000000000
00000000000000000000000000000000000000100000000000000000000000000000000000000000000001000000000000000000000000000000000000000000000000000000000000000001000000000000000000000000000000000000
00010000000000000000000000000000000000000000000000000000000000000000000000000000000000000000000000000000000010000000000000000000000000000000000000000000000000000000000000000000000000000000
00010000000000000000000000000000000000000000000000000000000000000000000000000000000000000000000000000000000010000000000000000010000000000000000000000000000000000000000000000000000000000000
00010000000000000000000000000000000000000000000000000000010000000000000000000000000000000000000000000000000010000000000000000010000000000000000000000000000000000000000000000000000000000000
00010000000000000000000000000000000000100000000000000000010000000000000000000000000001000000000000000000000010000000000000000010000000000000000000000001000000000000000000000000000000000000
00010000000000000000000000000010000000100000000000000000010000000000000000000000000001100000010000000010000010000000000000000010000000000000000001000001000000000000000000000000000000000000
00010000000000000000000000000010000000100000000000000000010000000000000000000000000001100000010001000010000010000000000000000010000000000000000001000001000000000000000000000000000000000000
00110000000000000000000000000010000000100000000000000000010000000000000000000000000001100000010001000010000010000000000000000010000000000000000001000001000000000000000000000000000000000000
00000000000000000000000000000000000000000000000000000000000000000000000000000000000000000000000000000000000000000000001000000000000000000000000000000000000000000000100000000000000000000000
00000100000000000000000000000000000000000000000000000000000000000000000000000000000000000000000000000000000000000000001000000000000000000000000000000000000000000000100000000000000000000000
00000000000000000000000000000000000000000000000000001000000000000000000000000000000000000000000000000000000000000000000000000000000000000000000000000000000000000000000000000000000000100000
00000000000000000000000000000000000000000000000000001000000100000000000000000000000000000000000000000000000000000000000000000000000000000000000000000000000000000000000000000000000000100000
00000000000000000000000000000000000000000000000000001000000100000000000000000000000000000000000000000000000000000000000000000000000000000010000000000000000000000000000000000000000000100000
00000000000000000000000000000000000000000000000000000000000000000000000000000000000000000000000000000000000000000000000000001000000000000000000000000000000000000000000000010000000000000000
00000000000000000000000000000000000000000000000000000000000000000000000000000000000000000000000000000000000000000000000000000000010000000000000000000000010000000000000000000000000000000000
00000000000000000000000000000000000000000000000000000000000000000000000000000000000000000000000000000000000000000000000000000000000010010000000000000000000000000000000000000000000000000000
00000000000000000000000000000000000000000000000000000000000000000000000000000000000000000000000000000000000000000000000000000000000010010000000000000000000000001000000000000000000000000000
00000000000000000000000000000000000000000000000000000000000000000000000000000000000000000000000000000000000000000000000000000000000010010000000000000000000000001000000000000100000000000000
00000000000000000000000000000000000000000000000000000000000000000000000000000000000000000000000000000000000000000000000000000100000010010000000000000000000000001000000000000100000000000000
00000000000000000000000000000000000000000000000000000000000000000000000000000000000000000000000000000000000000000000000000000100010010010000000000000000010000001000000000000100000000000000
00000000000000000000000000000000000000000000000000000000000000000000000000000000000000000000000000000000000000000000000100000000000000000000000000000000000000000000000010000000000000000000
01000000000000000000000000000000000000000000000000000000000000000000000000000000000000000000000000000000000000000000000100000000000000000000000000000000000000000000000010000000000000000000
01000000000000000000000000000000000000000000000000000000000000000000000000000000000000000000000000000000000000000000000100000100010010010000000000000000010000001000000010000100000000000000
01000000000000000000000000000000000000000000000000000000000000000000000000000000000000000000000000000000000000000000000100001100010010010000000000000000010000001000000010010100000000000000
01000000000000001000000000000000000000000000000000000000000000000000000000000000000000000000000000000000000000000000000100001100010010010000000000000000010000001000000010010100000000000000
01000000000000001000000000000000000000000000000000001000000100000000000000000000000000000000000000000000000000000000000100001100010010010010000000000000010000001000000010010100000000100000
01000000000000001000000000000000000000000000000000001000000100000000000000000000000000000000000000000000000001000000000100001100010010010010000000000000010000001000000010010100000000100000
01000000000000001000000000000000000000000000000000001000000100000000000000000000000000000010000000000000000001000000000100001100010010010010000000000000010000001000000010010100000000100000
01000100000000001000000000000000000000000000000000001000000100000000000000000000000000000010000000000000000001000000001100001100010010010010000000000000010000001000100010010100000000100000
01000100000000001000000000000000000000000000000000001000000100000000000000000000000000000010000010000000000001000000001100001100010010010010000000000000010000001000100010010100000000100000
01000100000000001000000000000000000000000000000000001000000100000000000000000000000000000010000010000000000001000000001100001100010010010010100000000000010000001000100010010100000000100000
00000000000000000000000000000000000000000000000000000000000000000000000000000000000000000000000000100000000000000000000000000000000000000000000000000000000000000000000000000000000001000000
00000000000000000000000000000000000010000000000000000000000000000001000000000000000000000000000000000000000000000000000000000000000000000000000000000000000000000000000000000000000000000000
00000000000000000000000000000000000010000000000000000000000000000001000000000000000000000000000000000000000000000000000000000000000000000000000000000000000000000010000000000000000000000000
00000000000000000000000010000000000000000000000000000000000000000000000000000000000000000000000000000000000000000000000000000000000000000000000000000100000000000000000000000000000000000000
00000000000000000000000010000000000000000000000000000000001000000000000000000000000000000000000000000000000000000000000000000000000000000000000000000100000000000000000000000000000000000000
00000000000000000000000010000000000010000000000000000000001000000001000000000000000000000000000000000000000000000000000000000000000000000000000000000100000000000010000000000000000000000000
00000000000000000000000010000000000010000000000000000000001000000101000000000000000000000000000000000000000000000000000000000000000000000000000000000100000000000010000000000000000000000000
00000000000000000000000010000000000010000000000000000000001000000101000000000000000000000000000000000000000000000000000000000000000000000000000000000100000000100010000000000000000000000000
00000000000000000000100000000000000000000000000000000000000000000000000000000000000000000000000000000100000000000000000000000000000000000000000000000000000000000000000000000000000000000000
00000000000000000000100010000000000010000000000000000000001000000101000000000000000000000000000000000100000000000000000000000000000000000000000000000100000000100010000000000000000000000000
00000000000000100000000000000000000000000000000000000000000000000000000000000000000000000000001000000000000000000000000000000000000000000000000000000000000000000000000000000000000000000000
00000000000000100000100010000000000010000000000000000000001000000101000000000000000000000000001000000100000000000000000000000000000000000000000000000100000000100010000000000000000000000000
00000000000000100000100010000000000010000000000000000000001000000101000000000000000000000000001000100100000000000000000000000000000000000000000000000100000000100010000000000000000001000000
00000000000000000000000000010000000000000000000000000001000000000000000000000000000000000000000000000000000000000000000000000000000000000000000000000000000000000000000000000000000000000000
00000000000000000000000000001000000000000000000000000000000000000000000000000000000000000000000000000000000000000000000000000000000000000000000000000000000000000000000000000010000000000000
00000000000000000001000000001000000000000000000000000000000000000000000000000000000000000000000000000000000000000000000000000000000000000000000000000000000000000000000000000010000000000000
00000000000000000001000000001000000000000000000000000000000000000000000001000000000000000000000000000000000000000000000000000000000000000000000000000000000000000000000000000010000000000000
00000000000000000001000000001000000000000000000000000000000000000000000001000000000000000000000000000000000000000000000000000000000000000000000000000000000000000000000000000010001000000000
00000000000000000000011000000000000000000000000000000000000000000000000000000000000000000000000000000000000000000000000000000000000000000000000000000000000000000000000000000000000000000000
00000001000000000000000000000000000000000000000000000000000000000000000000000000000000000000000000000000000000000000000000000000000000000000010000000000000000000000000000000000000000000000
00000000000000000000000000000000000000000000000000000000000000000000000000100000000000000000000000000000000000010000000000000000000000000000000000000000000000000000000000000000000000000000
00000000000000000000000000000000000000000000000100000000000000000000000000000000000000000000000000000000000000000000000000000000000000000001000000000000000000000000000000000000000000000000
00000000000000000000000000000000000000000000000100000000000000000000000000000000000000000000000000000000000000000000000000000000000000000001000000000000000000000001000000000000000000000000
00000000000000000000000000000000000000000000000000000000000000000000010000000000000000000000100000000000000000000000000000000000000000000000000000000000000000000000000000000000000000000000
00000000000000000000000000000000000000000000100000000000000000000000010000000000000000000000100000000000000000000000000000000000000000000000000000000000000000000000000000000000000000000000
00000000000000000000000000000000000000000000100100000000000000000000010000000000000000000000100000000000000000000000000000000000000000000001000000000000000000000001000000000000000000000000
00000000000000000000000000000000000000000000000000000000000000100000000000000000000000000000000000000000000000000000000000000000000000000000000000010000000000000000000000000000000000000000
00000000000000000000000000000000000000000000000000000000000000100000000000000000000000000000000000000000000000001000000000000000000000000000000000010000000000000000000000000000000000000000
00000000000000000000000000000000000000000000000000000010000000000000000000000000000000000000000000000000000000100000000000000000000000000000000000000000000000000000000000000000000000000000
00000000000000000000000000000000000000000000000000000010000000100000000000000000000000000000000000000000000000101000000000000000000000000000000000010000000000000000000000000000000000000000
00000000000000000000000000000000000000000010000010000000000000000000000000000000000000000000000000000000000000000000000000000000000000000000000000000000000000000000000000000000000000000000
00000000000000000000000001000000000000000000000000000000000000000000000000000000000000000000000000000000000000000000000000000000000000000000000000000000000000000000000000000000100000000000
00000000000000000010000000000000000000000000000000000000000000000000000000000010000000000000000000000000000000000000000000000000000000000000000000000000000000000000000000000000000000000000
00000000001000000010000000000000000000000000000000000000000000000000000000000010000000000000000000000000000000000000000000000000000000000000000000000000000000000000000000000000000000000000
00000000001000000010000001000000000000000000000000000000000000000000000000000010000000000000000000000000000000000000000000000000000000000000000000000000000000000000000000000000100000000000
00000000001000000010000001000000000000000010000010000000000000000000000000000010000000000000000000000000000000000000000000000000000000000000000000000000000000000000000000000000100000000000
00000000000000000000000000000000000000000001000000000000000000000000000000000000000000000000000000000000000000000000000000000000000000000100000000000000000000000000000000000000000000000000
00000000000001000000000000000000000000000001000000000000000000000000000000000000000000000000000000000000000000000000000000000000000000000100000000000000000000000000000000000000000000000000
00000000000001000000000000000000000000000001000000000000000000000000000000000000000000000000000000000000000000000000000000000000000000100100000000000000000000000000000000000000000000000000
00000000000001000000000000000000000000000001000000000000000000000000000000000000000000000000000000000000000000000000000000000000000000100100000000000000000000000000000000000000000000000100
00000000000000000000000000000000000000000000000000000000000000000000000000000000000000000000000000000000000000000000000000000000000000000000000000000000000001000000000000000000010000000000
00000000000000000000000000000000000000000000000000000000000000000000000000000000000000000000000000000000000000000000000000000000001000000000000000000000000001000000000000000000010000000000
00000000000000000000000000000000000000000100000000000000000000000000000000000000000000000000000000000000000000000000000000000000000000000000000000000000000000010000000000000000000000000000
00000000000000000000000000000000000000000100000000000000000000000000000000000000000000000000000000000000000000000000000000000000001000000000000000000000000001010000000000000000010000000000
00000000000000000000000000000000000000000100000000000000000000000000000000000000000000000000000000010000000000000000000000000000001000000000000000000000000001010000000000000000010000000000
00000000000000000000000000000000000000000100010000000000000000000000000000000000000000000000000000010000000000000000000000000000001000000000000000000000000001010000000000000000010000000000
00000000000000000000000000000000000000000100010000000000000000000000000000000000000000000000000000010000000100000000000000000000001000000000000000000000000001010000000000000000010000000000
00000000000000000000000000000000000000000100010000000000000000000000000000010000000000000000000000010000000100000000000000000000001000000000000000000000000001010000000000000000010000000000
00000000000000000000000000000000000000000000000000000000000000000000000000000000000000000000000000000000000000000000100000000000000001000000000000000000000000000000000000000000000000000000
00000000000000000000000000000000000000000000000000000000000000000000000000000000000000000100000000000000100000000000000000000000000000000000000000000000000000000000000000000000000000000000
00000000000000000000000000000000000000000000000000000000000000000000000000000000000000000100000100000000100000000000000000000000000000000000000000000000000000000000000000000000000000000000
00000000000000000000000000000000000000000000000000000000000000000000000000000000000000000100000100000000100000000000100000000000000001000000000000000000000000000000000000000000000000000000
00000000000000000000000000000000000000000000000000010000000000000000000000000000000000000100000100000000100000000000100000000000000001000000000000000000000000000000000000000000000000000000
00000000000000000000000000000000000000000000000000010000000000000000000000000000000000000100000100000000100000000000100000000000000001000000000000000000000000000000010000000000000000000000
00000000000000000000000000000000000000000000000000010000000000000000000000000000000000000100000100000000100000000000100000000000000001000000000000000000000000000000010000100000000000000000
00000000000000000000000000000000000000000000001000010000000000000000000000000000000000000100000100000000100000000000100000000000000001000000000000000000000000000000010000100000000000000000
00000000000000000000000000000000000000000000001000010000000000000000000000000100000000000100000100000000100000000000100000000000000001000000000000000000000000000000010000100000000000000000
00000000000000000000000000000000000000000000000001000000000000000000000000000000000000000000000000000000001000000000000000000000000000000000000000000000000000000000000000000000000000000000
00000000000000000000000000000000000000000000000000000000000000000000100000000000000000000000000000000000000000000000000000000000000000000000001000000000000000000000000000000000000000000000
00000000000000000000000000000000000000000000000000000000000000000000000100000000000000000000000000000000000000000000000000000000000000000000000000000000000000000100000000000000000000000000
00000000000000000000000000000000000000000000000000000000000000000000000100000000000000000000000000000000000000000000000000000000000000001000000000000000000000000100000000000000000000000000
00000000000000000000000000000001000000000000000000000000000000000000000000000000000000000000000000000000000000000000000000000001000000000000000000000000000000000000000000000000000000000000
00000000000000000000000000000001000000000000000000000000000000000000000000000000000000000000000000000000000000000000000000000001000100000000000000000000000000000000000000000000000000000000
00000000000000000000000000000001000000000000000000000000000000000000000100000000000000000000000000000000000000000000000000000001000100001000000000000000000000000100000000000000000000000000
00000000000000010000000000000000000000000000000000000000000000000000000000000000100000000000000000000000000000000000000000000000000000000000000000000000000000000000000000000000000000000000
00000000000000010000000000000001000000000000000000000000000000000000000100000000100000000000000000000000000000000000000000000001000100001000000000000000000000000100000000000000000000000000
00000000000000010000000000000001000000000000000000000000000000000000001100000000100000000000000000000000000000000000000000000001000100001000000000000000000000000100000000000000000000000000
00000000010000000000000000000000000000000000000000000000000000010000000000000000000000000000000000000000000000000000000000000000000000000000000000000000000000000000000000000000000000000000
00000000010000010000000000000001000000000000000000000000000000010000001100000000100000000000000000000000000000000000000000000001000100001000000000000000000000000100000000000000000000000000
00000000010000010000000000000001000000000000000000000000000010010000001100000000100000000000000000000000000000000000000000000001000100001000000000000000000000000100000000000000000000000000
00000000010000010000000000000001000000000000000000000000000010010000101100000000100000000000000000000000000000000000000000000001000100001000001000000000000000000100000000000000000000000000
00000000010000010000000000000001000000000000000001000000000010010000101100000000100000000000000000000000001000000000000000000001000100001000001000000000000000000100000000000000000000000000
00000000010000010000000000000001000000000000001001010000000010010000101100000100100000000100000100000000101000000000100000000001000101001000001000000000000000000100010000100000000000000000
00000000010000010000000000000001000000000100011001010000000010010000101100010100100000000100000100010000101100000000100000000001001101001000001000000000000001010100010000100000010000000000
00000000010000010000000000000001000000000100011001010000000010010000101100010100100010000100000100010000101100000000100000000001001101001000001000000000000001010100010000100000010000000000
00000000010000010000000000000001000000000100011001010000000010010000101100010100100010000100000100010000101100000000100000100001001101001000001000000000000001010100010000100000010000000000
00000000010001010000000000000001000000000101011001010000000010010000101100010100100010000100000100010000101100000000100000100001001101101100001000000000000001010100010000100000010000000100
00000000010001010000000000000001000000000101011001010000000010010000101100010100100010000100000100010000101100000000100000100001001101101100001000000000000001010100010000100000010000010100
00000000011001010010000001000001000000000111011011010000000010010000101100010110100010000100000100010000101100000000100000100001001101101100001000000000000001010100010000100000110000010100
00000000011001010010000001000001000000000111011011010000000010010000101100010110100010000101000100010000101100000000100000100001001101101100001000000000000001010100010000100000110000010100
00000000011001010010000001000001000000000111011011010000000010010000101100010110101010000101000100010000101100000000100000100001001101101100001000000000000001010100010000100000110000010100
00000000011001010010000001000001000000000111011011010010000010110000101100010110101010000101000100010000101100101000100000100001001101101100001000010000000001010100010000100000110000010100
00000000011001010010000001000001000000000111111111010010000010110000111100010110101010000101100100010000101100101000100000100001001101101101001000010000000001010101010000100000110000010100
00000000011001010110000001000001000000000111111111010010000010110000111100010110101010000101100100010000101100101000100000100001001101101101001000010000000001010101010000100000110000010100
00000000000000000000000000000000000000000000000000000000000000000000000000000000000000000000000000000000000000000000000000000000000000000000000000000000000010000000001000000000000000000000
00000000000000000000000000000000000000000000000000100000000000000000000000000000000000001000000000000000000000000000000000000000000000000000000000000000000000000000000000000000000000000000
00000000000000000000000000000000000000000000000000100000000000000000000000000000000000001000000000000000000000000000000000000000000000000000000000000000000010000000001000000000000000000000
00000000000000000000000000000000000000000000000000000000000000000000000000000000010000000000000000000000000000000000000000000000000000000000000100000000000000000000000000000000000000000000
00000000000000000000000000000000000000000000000000000000000000000000000000000000010100000000000000000000000000000000000000000000000000000000000100000000000000000000000000000000000000000000
00000000000000000000000000000000000000000000000000000000000000000000000000000000000000000000000000001000000000000000000000000000100000000000000000000000000000000000000000000000000000000000
00000000000000000000000000000000000000000000000000000000000000000000000000000000000000000000000000001000000000000000010000000000100000000000000000000000000000000000000000000000000000000000
00000000000000000000000000000000000100000000000000000000000000000000000000000000000000000000000000001000000000000000010000000000100000000000000000000000000000000000000000000000000000000000
00000000000000000000000000000000000100000000000000000000000000000000000000000000010100000000000000001000000000000000010000000000100000000000000100000000000000000000000000000000000000000000
00000000000000000000000000000000000100000000000000000000000000000000000000000000010100000000000000001000000000000000010000000000100000000000000100001000000000000000000000000000000000000000
00000000000000000000000000000000000100000000000000000000000000001000000000000000010100000000000000001000000000000000010000000000100000000000000100001000000000000000000000000000000000000000
00000000000000000000000000000000000100000000000000100000000000001000000000000000010100001000000000001000000000000000010000000000100000000000000100001000000010000000001000000000000000000000
00000000000000000000000000000000100000000000000000000000100000000000000000000000000000000000000000000000000000000000000000000000000000000000000000000000000000000000000000000000000000000000
00000000000000000000000000000000101000000000000000000000100000000000000000000000000000000000000000000000000000000000000000000000000000000000000000000000000000000000000000000000000000000000
00000000000000000000000000000000000000000000000000000000000000000000000000000000000000000000000000000000000000000000000000000000000000000000000010000000000000000000000000000000000100000000
00000000000000000000000000000000000000000000000000000000000000000000000000000000000000000000000000000000000000000000000000000000000000000000000000000000000000000000000000000001000000000001
00001000000000000000000000000000000001000000000000000000000000000000000000000000000000000000000000000000000000000000000000000000000000000000000000000000000000000000000000000000000000000000
00001000000000000000000000000000000001000000000000000000000000000000000000000000000000000000000000000000000000000000000000000000000000000000000000000000000000000000000100000000000000000000
00001000000000000000000000000000000001000000000000000000000000000000000000000000000000000000000000000000000000000000000000000000000000000000000000000000000000000000000100000001000000000001
00001000000000000000000000000000000001000000000000000000000000000000000000000000000000000000000000000000000000000000000000000000000000000000000010000000000000000000000100000001000100000001
00001000000000000000000000000000000001000000000000000000000000000000000000000000000000000000000000000000000000000100000000000000000000000000000010000000000000000000000100000001000100000001
00001000000000000000000000000000101001000000000000000000100000000000000000000000000000000000000000000000000000000100000000000000000000000000000010000000000000000000000100000001000100000001
00001000000000000000000000000000101101000000000000100000100000001000000000000000010100001000000000001000000000000100010000000000100000000000000110001000000010000000001100000001000100000001
00001000000000000000000000000000101101000000000000100100100000001000000000000000010100001000000000001000000000000100010000000000100000000000000110001000000010000000001100000001000100000001
00001000000000000000000000000000101101000000000000100100100000001000000000000000010100001000000000001000000000000100010001000000100000000000000110001000000010000000001100000001000100000001
00001000011001010110000001000001101101000111111111110110100010111000111100010110111110001101100100011000101100101100110001100001101101101101001110011000000011010101011100100001110100010101
00001000011001010110000001000001101101000111111111110110100010111000111100010110111110001101100100011000101100101100110001100001101101101101001110011000000011010101011100101001110100010101
00001000011001010110000001000001101101000111111111110110100010111000111100110110111110001101100100011000101100111100110001100001101101101101001110011000000011010101011100101001110100010101
00001010011001010110000001000001101101000111111111110110100010111000111100110110111110001101100100011000101100111100110001100001101101101101001110011000000011010101011100101001110100010101
00000000000000000000000000000000000000000000000000000000000000000000000000000000000000000000000000000000000000000001000000000000000000000000000000000000000100000000000000000000000000000000
00000000000000000000000000000000000000000000000000000000000000000000000000001000000000000000000000000000000000000001000000000000000000000000000000000000000100000000000000000000000000000000
00000000000000000000000000000000000000000000000000000000000000000010000000001000000000000000000000000000000000000001000000000000000000000000000000000000000100000000000000000000000000000000
00000000000000000000000000000100000000000000000000000000000000000000000000000000000000000000000000000000000000000000000000000000000000000000000000000010000000000000000000000000000000000000
00000000000000000000000000000100000000000000000000000000000000000000000000000000000000000000000000000000000000000000000000000000000000000000000000000010000000000000000000000000000000000010
00000000000000000000000000000000000000000000000000000000000000000000000000000000000000010000000000000000010000000000000000000000000000000000000000000000000000000000000000000000000000000000
00000000000000000000000000000000000000000000000000000000000000000000000000000000000000010000000000000000010000000000000000000000000000000000000000100000000000000000000000000000000000000000
00000000000000000000000000000000000000000000000000000000000000000000000000000000000000010000000000000000010000000000000000000000000000000000000000100000000000000000000000000000000010000000
00000000000000000000000000000000000000000000000000000000000000000000000000000001000000010000000000000000010000000000000000000000000000000000000000100000000000000000000000000000000010000000
00000000000000000000000000000000000000000000000000000000000000000000000010000000000000000000000000000001000000000000000000000000000000000000000000000000000000000000000000000000000000000000
00000000000000000000000000000000000000000000000000000000000000000000000010000000000000000000000000000001000000000000000000010000000000000000000000000000000000000000000000000000000000000000
00000000000100000000000000000000000000000000000000000000000000000000000010000000000000000000000000000001000000000000000000010000000000000000000000000000000000000000000000000000000000000000
00000000000000000000000000000000000000000000000000000000000000000000000000000000000000000000000000000000000000000010000000000000000000000000000000000000000000000000000001000000000000000000
00000000000000000000000100000000000000000000000000000000000000000000000000000000000000000000000000000000000000000010000000000000000000000000000000000000000000000000000001000000000000000000
00000000100000000000000100000000000000000000000000000000000000000000000000000000000000000000000000000000000000000010000000000000000000000000000000000000000000000000000001000000000000000000
00000000100000000000000100000000000000000000000000000000000000000000000000000000000000000000000000000000000000000010000000000000000000000000000000000000000000000000000001000000000000001000
00000000100100000000000100000000000000000000000000000000000000000000000010000000000000000000000000000001000000000010000000010000000000000000000000000000000000000000000001000000000000001000
00000000100100000000000100000000000000000000000000000000000000000000000010000001000000010000000000000001010000000010000000010000000000000000000000100000000000000000000001000000000010001000
00000000100100000000000100000100000000000000000000000000000000000000000010000001000000010000000000000001010000000010000000010000000000000000000000100010000000000000000001000000000010001010
10000000000000000000000000000000000000000000000000000000000000000000000000000000000000000000000000000000000000000000000000000000000000000000000000000000100000000000000000000000000000000000
10000000100100000000000100000100000000000000000000000000000000000000000010000001000000010000000000000001010000000010000000010000000000000000000000100010100000000000000001000000000010001010
10000000100100000000000100000100000000000000000000000000000000000010000010001001000000010000000000000001010000000011000000010000000000000000000000100010100100000000000001000000000010001010
10000000100100000000000100000100000000000000000000000000000001000010000010001001000000010000000000000001010000000011000000010000000000000000000000100010100100000000000001000000000010001010
10001010111101010110000101000101101101000111111111110110100011111010111110111111111110011101100100011001111100111111110001110001101101101101001110111010100111010101011101101001110110011111
10001010111101010110000101100101101101000111111111110110100011111010111110111111111110011101100100011001111100111111110001110001101101101101001110111010100111010101011101101001110110011111
10001010111101010110000101100101101101010111111111110110100011111010111110111111111110011101100100011001111100111111110001110001101101101101001110111010100111010101011101101001110110011111
10001010111101010110000101100101101101010111111111110110100011111010111110111111111110011101100100011001111100111111110001110001101101101101001110111010101111010101011101101001110110011111
10001011111101010110000101100101101101010111111111110110100011111010111110111111111110011101100100011001111100111111110001110001101101101101011110111010101111010101011101101001110110011111
10001011111111010110000101100101101101010111111111110110100011111010111110111111111110011101100100011001111100111111110001110001101101101101011110111010101111010101011101101001110110011111
10001011111111010110000101100101101101011111111111110110100011111010111110111111111110011101100100011001111100111111110001110001101101101101011110111010101111010101011101101001110110011111
10001011111111010110000101100101111101011111111111110110100011111010111110111111111110011101100100011001111100111111110001110001101101101101011110111010101111010101011101101001110110011111
10001011111111010110011101100101111101011111111111110110100011111010111110111111111110011101100100011001111100111111110001110001101101101101011110111010101111010101011101101001110110011111
10001011111111010111011101101101111101011111111111110110100011111010111111111111111110011101100100011001111100111111110001110001101101101101011110111010101111010101011101101011111110011111
10001011111111010111011101101101111101011111111111110110100011111010111111111111111110011101100100011001111100111111110011110001101101101101011110111010101111010101011101101011111110011111
10001011111111010111011101111101111101011111111111110111100011111010111111111111111110011101100100011001111100111111110011110001101101101101011110111010101111010101011101101011111110011111
10001011111111110111111111111101111111011111111111110111101011111111111111111111111110011101101100111101111100111111110011110001101101101101011110111110101111110111011101101011111111011111
