2406.97530842
2472.99736792
2587.06314796
2593.05461842
2595.98861383
2720.86666577
2721.11319842
2841.4740462
2852.15368842
2857.31850498
2926.22009634
2964.94785621
2981.19627842
3014.713931
3064.51820568
3095.23920842
3121.76118632
3183.63556271
3188.25696016
3208.32326842
3211.45599742
3355.87041744
3371.38659842
3404.96469064
3445.49077073
3508.44550842
3576.74779999
3579.48261842
3670.97306388
3718.12185121
3726.55102842
3829.56021842
3857.98290492
3858.23641333
3930.60789842
3987.62935842
4086.99333919
4090.36647177
4100.71341842
4130.09508711
4134.69776842
4248.74069842
4255.80035788
4263.77674842
4319.21075846
4347.82524978
4362.78362842
4424.49920491
4426.84007842
4458.98091176
4475.86768842
4612.91938842
4631.96879842
4745.05285842
4749.97829842
4816.84117269
4860.07979842
4870.03891333
4881.01878842
4907.21277559
4973.32510644
4974.12272842
4982.13791164
5037.11989842
5077.13191842
5138.16757842
5151.65187407
5206.17450842
5219.43760339
5249.00306697
5320.21743842
5324.24688842
5330.26041687
5357.49131003
5374.63694225
5387.9807888
5389.80337164
5451.25792842
5487.31021842
5502.1376907
5533.9791156
5544.33167842
5611.73282753
5615.36878842
5672.39024842
5678.45581136
5787.41718842
5801.44980478
5835.50247086
5842.27965351
5857.08553438
5874.44921842
5889.14110987
5961.48124842
