10111011001111110111101111010111111100001110100101001101000101100110110010010111111011
11111101111111001110111010111111111111111011111111111011111111111111111101111111101111
11111111110110111111111111111011111111111111111111111111111111111111111111111111111111
11111111111111111111111111111111111111111111111111111111111111111110111110111111111111
11111011001111111111111111010111111101101110100101011101100111111111110111010111111111
11111111111111111111111111111111111101111111111111111111101111111111111111011111111111
11111011001111111111111111010111111101101110110101111101100111111111110111010111111111
11100110111111111101011101111110110111110111111110110111111111011001111111101100111100
10100000000000000000000000000000100000000010000000000000000000000000100000000000000000
11111111011111111111111111111111111111111111110111111111111111111111111111110111111111
11111111111111101110111111111111111111111111111111111011111111111111111111111111111111
10111011001111110011101111010111101100001110100101001101000101100110110010010011110011
11101110111111111101111111111111111111110111111110111111111111011011111111111100111111
11111111111111111111111111111111111111111111111111111111111111111011111111111101111111
11111111111111111111111111111111111111110111111111111111111111111111111111111110111111
11100110111111111101011101111110110011110111111110110111111111011001111111101100111100
11111111111111111111111111111101111111111111111111111111111111111111111111111111011111
11111101111111111111111111111111111111111111111111111111111111111111111111111111101111
11111111111111111011111111111111111111111111111111111111111111111111111111111111110111
11110111111111111111011111111111111111111111111111111111111111111111111111111111111111
11101110111111111101111111111111111111111111111110111111111111011011111111111101111111
11111011001111111111111111010111111100101110100101011101000101100111110111010111111011
11111101111111001110111010111111111111111011111111111011111111111111111111111111101111
11111111111111111111111101111111111111111111111111110111111111111111111111111111111101
11101110111111111101111111111110110111110111111110111111111111011011111111111100111111
11100110111111111101011101111110110111110111111110110111111111011001111111111100111100
11111111111111111111111101111111111111111111111111110111111111111111111111111111111111
11111101110010001110111010111011111111111011111111111011111111111111111101111111101111
10000000000000000000000000000000100000000000000000000000000000000000000000000000000000
10100010001111110001000101000110100000000110000000000100000001000000100010000000110000
11111111111111111110111111111111111111111111111111111011111111111111111111111111111111
11111101111011001110111010111111111111111011111111111011111111111111111101111111101111
11111111111111111011111111111111101111111111111111111111111111111111111111111111110111
10100000000000000000000000000000100000000010000000000000000001000000100000000000000000
11111101111111001110111010111111111111111111111111111011111111111111111111111111101111
11101110111111111101111111111111110111110111111110111111111111011011111111111100111111
11111111001111111111111111110111111101101111110101111101100111111111111111010111111111
11111111110110111111111111111111111111111111111111111111111111111111111111111111111111
11100110111111111101011111111110110111110111111110111111111111011001111111111100111111
10000000000000000000000000000000100000000010000000000000000000000000000000000000000000
11100110111111111101011101111110110111110111111110110111111111011001111111111100111101
11111011111111111111111111111111111111111110111111111111111111111111110111111111111111
11111111111111111111111111111111111111111111111111111111111111011011111111111101111111
11100110111111111101011101111110110011110111011110110111111111011001101111101100111100
11111011001111111111111111010111111101101110100101111101100111111111110111010111111111
11111111011111111111111111111111111111111111110111111111111111111111111111111111111111
11111101111111001110111110111111111111111111111111111011111111111111111111111111101111
11100110111111111101010101111110110011110111011010110111111011011001101111101100111100
10111011001111110111101111010111111100001110100101001101000101100111110111010111111011
11100110111111111101011111111110110111110111111110111111111111011011111111111100111111
11111111111111111111111111111111111101111111111101111111101111111111111111011111111111
11111111111111011111111110111111111111111111111111111111111111111111111111111111111111
11111110111111111101111111111111111111111111111111111111111111011011111111111101111111
10111011001111111111101111010111111100001110100101001101000101100111110111010111111011
10111011001111111111101111010111111100001110100101011101000101100111110111010111111011
11111101111111101110111111111111111111111111111111111011111111111111111111111111101111
10100000000010000000000000000010100000000010000000000000000001000000100000000000100000
11100110111111111101010101111110110011110111011110110111111011011001101111101100111100
10000000000000000000000000000000100000000010000000000000000000000000100000000000000000
11111111011111111111111111111111111111111111110111111101111111111111111111110111111111
11111111111111111111111111101111111111111111111111111110111111111111111111111111111111
11111011001111111111111111010111111101101110100101011101000101100111110111010111111111
11111011001111111111111111010111111100101110100101011101000101100111110111010111111111
11111111111111111111111111111111111101111111111111111111101111111111111111111111111111
11111011111111111111111111011111111111111110111111111111111111111111110111111111111111
11111111101111111111111111111111111111101111111111111111110111111111111111111111111111
11111111101111111111111111110111111111101111111111111111110111111111111111111111111111
11100110111111111101011101111110110011110111111110110111111111011001101111101100111100
10111011001111110011101111000111101100001110100101001100000101100110110010010011110011
11111111111101111111111111111101111111111111111111111111111111111111111111111111011111
11111111111111111101111111111111111111111111111111111111111111011011111111111101111111
11111011001111111111111111010111111101101110100101011101100101101111110111010111111111
11100110111111111101011101111110110011110111011110110111111011011001101111101100111100
11111011001111111111111111010111111101101110100101011101100101100111110111010111111111
10111011001111110011101111010111101100001110100101001101000101100110110010010111110011
11111011111111111111111111111111111111111111111111111111111111111111110111111111111111
10111011001111110111101111010111111100001110100101001101000101100110110110010111111011
11111111011111111111111111111111111101111111110101111101101111111111111111010111111111
11111110111111111101111111111111111111111111111110111111111111011011111111111101111111
10111011001111111111111111010111111100001110100101011101000101100111110111010111111011
11111011001111111111111111010111111100001110100101011101000101100111110111010111111011
11111011001111111111111111010111111101101110100101011101100101111111110111010111111111
11111111101111111111111111111111111111101111111111111111111111111111111111111111111111
