0000000000000000000000000000000000100000000000000010000000110000000000100001000000000000000000000
0010000000000000000000000000000000000000000000000000000000000000000000000000000000000010000000000
0000000000010000000000000000000000000000000000000000000000000000000000000000000100000000000000000
1111111101111111111111111111111111111111111111111111111110111111111111111111110111111111111111111
1111111111111111111111111111101111101011111111111111111111111111111111110111111111111111111110111
1111111111111111111111111111111111111111111111110111111111111111111101111111111111111111111111111
1111111011111111111111111111111111111111111101111111111111111111111111111111111111111111111111111
0000110011100110001000010000100111000010001000000000100011001100010001000100001000000000010100110
1011001000011000000101100111011000011101010100000001000000000000101100011000110100001111000011001
1111111111111111111111111111111111111111111111111111111110111111111111111111110111111111111111111
0100110111100111111010011000100111100010101011111010111111111111010011100111001011110000111100110
0000000000000000000000000000000000000000000000000000000000000000000001000000000000000000000000010
1000000000001000000100000011011000010100000000000000000000000000000000001000100000001000000011001
1111001100111001110111111111011000111101110111111111011110110011111111111111110111111111101011011
0000110010000110001000000000100110000010001000000000100001001100000000000000001000000000000100100
1111111111111111011101111111111111111111111111101111111111111110111111111111111110001111011111111
0000000000000000000000000000011000010100000000000000000000000000000000001000100000000000000001001
0110111111110111111011111100100111101011111111111111111111111111111111110111011111110111111100110
0000000000000000000000100000000000000000000000000001000000000000000000000000000000000000000000000
1111101111111011110111111111011011111101110111111111111111110011111111111111111111111111111011111
1111111111111111111111111111111111011111111110110101110111001111111101011110111111111111110111111
1011111111111111111111110111111111111111011111111111111111111111111111111111111111111111111111111
1011001100011001110111100111011000111101010111111111011100110011101110111011110111111111101011001
1101110111101111111110011011111111111110101011111110111111111111110011101111101011111000111111111
0000000000000000000000000000000000000000000000000000000000000000000000000000000001010000000000000
1111101111111011111111111111011011111101110111111111111111111011111111111111111111111111111111111
0000000000000000000000000000000000000000000000000000000000000000010000000100000000000000000000000
0000110010000100001000000000100110000010001000000000100001001100000000000000001000000000000100100
0000000000000000000000000000000000000000000000000000000000000001000000000000000001110000100000000
0010000000010000000001100100000000000001000100000001000000000000001000010000000100000111000000000
1111111111111111111101111111111111111111111111101111111111111111111111111111111111111111111111111
1101110111101111111110011011111111111110101011111110111111111111010011101111101011111000111111111
0010000000010000000001100000000000000001000100000001000000000000001000010000000100000111000000000
1111111111111111111111111111111111111111111111111111111111001111111111111110111111111111111111111
1111001100111001110111101111011000111101110111111111011110110011101110111011110111111111101011001
0100110111100111011000011000100111100010101011001010101011111110010011100101001010000000011100110
0010000000010000000001100000000000000001000000000001000000000000001000000000000100000111000000000
1111111111111111111111111111111111111111111111110111111111111111111101111111111111111111110111111
1011111111111111111111111111111111111111011111111111111111111111111111111111111111111111111111111
0010000000010000000001100000000000000001000000000001000000000000001000000000000100000011000000000
1111101111111011110111111111011011111101110111111111111111111011111111111111111111111111111111111
1011001000011000000101100111011000011101010100000101010000000000101100011000110100001111000011001
1000000000000000000000000001000000000000000000000000000000000000000000000000000000000000000000000
0000010000000100000000000000100000000010001000000000000000000100000000000000000000000000000000000
0000000000000000000001000000000000000001000000000000000000000000000000000000000000000001000000000
1111111111110111111011111111111111111111111111111111111111111111111111111111111111111111111101111
0000000000001000000000000000000000000000000000000000000000000000000000000000000000000000000010000
1111111011111111111111111111111111011111111100110101110111001111111101011110111111111111110111111
1111111111111111111110111111111111111110111111111111111111111111110111111111111111111110111111111
1111111111111111111111111111111111111111111111111111111111101111111111111110111111111111111111111
1111111111111111111111111111111111101011111111111111111111111111111111110111111111111111111111111
0100110111100111011000011000100111100010101011101010101111111110010011100111001010000000011100110
0000000000000100000000000000100000000000000000000000000000000000000000000000000000000000000000000
0000000000000000000000000000000000010100000000000000000000000000000000000000000000000000000000000
0000000000000000000000000000000000100000000000000010001000110000000000100001000000000000000000000
1111110111111111111111111111111111111111101111111111111111111111111011111111101111111111111111111
0000001000000000000000000000000000000000010000000000000000000000000100000000000000000000000000000
0000100000000000000000000000000010000000000000000000000000000000000000000000000000000000000000100
1111111111111111111111111111100111101011111111111111111111111111111111110111111111111111111110110
0000000000000000000000000000000000000010001000000000000000000000000000000000000000000000000000000
0010000000000000000001000000000000000001000000000000000000000000001000000000000000000011000000000
0000000000000000000000000000000000000000000000000000000000001000000000000000000000000000000100000
1111111101111111111111111111111111111111111111111111011110111111111111111111110111111111111111111
1111111111111111111111111111101111111111111111111111111111111111111111111111111111111111111110111
1111111111110111111011111101100111101011111111111111111111111111111111110111011111110111111100110
1111111111111111111111111111111111111111111111111111111111111111111111111111111110001111011111111
0000110011100110001000010000100111000010001000000000100001001100010001000100001000000000010100110
0000000000000000010000000000000000000000000000000000000000000010000000000000000000000000000000000
1101111111101111111110111111111111111110111111111111111111111111110111111111111011111100111111111
1111111111111111111111111111111111111111111111011111111111111111111111111101111111111111111111111
0000010010000100001000000000100100000010001000000000100001001100000000000000001000000000000100000
0100110111100111011000011000100111100010101011101010101011111110010011100111001010000000011100110
1101111111101111111110011111111111111110111111111110111111111111110111101111111011111000111111111
0000000000001000000100000000011000010100000000000000000000000000000000001000100000001000000011001
0000000000000000000000000000000000100000000000000010000000110000000000000001000000000000000000000
0000000000000000100010000000000000000000000000010000000000000000000000000000000000000000000000000
1111111111111110111111111111111111111111111111111111111111111111111111111111111101111111111111111
1111001100111001110111111111011000111101110111111111011110110011111111111111110111111111111011011
0000010000000000000000000000000000000000000000000000000000000100000000000000000000000000000000000
0000110010000110001000000000100111000010001000000000100001001100000000000000001000000000000100100
0000000000000100000000000000100000000010001000000000000000000000000000000000000000000000000000000
0100110011100110011000011000100111000010101000000000100011001110010001000100001000000000010100110
1111011111111111111111111111111111111111111111111111111111111111111111111111111111111111111111011
0000000000000000000000000000000000000000000000000000000000000000010001000100000000000000000000010
1111111111111111111111111111110111111111111111111111111111111111111111111111111111111111111111110
0100110111100110011000011000100111100010101011001010101011111110010011100101001000000000011100110
0000000000000000000000000000000000100000000000001010001000110000000010100001000000000000001000000
1111111111111111111111111111111111111111111111111101111111001111111111111110111111111111111111111
1111111111111111111110111111111111111110111111111111111111111111111111111111111111111111111111111
0000001000000000000000000000000000000000010000000000000000000000000000000000000000000000000000000
1111111111111111111111111111100111101011111111111111111111111111111111110111011111110111111110110
0000110011000110001000010000100111000010001000000000100001001100000000000000001000000000010100100
1001000000001000000100000011011000011100000000000000000000000000000000001000100000001000000011001
0000000000000000000000000000000000000000000000000000000000000000000000000000000000100000100000000
