4824.57498949
4927.58417949
5090.64750949
5189.71591949
5320.75640949
5435.78334949
5548.86740949
5649.91508949
5778.01004949
5915.06895949
6044.11154949
6175.15203949
6303.24699949
6360.26845949
6491.30894949
6594.31813949
6722.41309949
6850.50805949
7006.60916949
7169.67249949
7297.73107949
7453.83218949
7590.89109949
7689.95950949
7804.98644949
7918.07050949
8046.12908949
8145.19749949
8260.22443949
8423.28776949
8522.35617949
8625.36536949
8781.46647949
8909.52505949
9022.60911949
9135.69317949
9263.78813949
9394.82862949
9495.87630949
9623.97126949
9771.03967949
9828.06113949
9942.10406949
10105.1673995
10218.2514595
10289.2885695
10445.3896795
10542.4424395
10705.5057695
10833.6007295
10961.6956895
11090.7382795
11219.7808695
11322.7900595
11469.8584695
11584.8854095
11655.9225195
11786.9630095
11915.0579695
12062.1263795
12175.2104395
12331.3115495
12446.3384895
12559.4225495
12656.4753095
12785.5178995
12948.5812295
13061.6652895
13192.7057795
13305.7898395
13362.8112995
13490.8698795
13593.8790695
13692.9474795
13806.9904095
13938.0308995
14035.0836595
14163.1422395
14349.2215495
14480.2620395
14611.3025295
14725.3454595
14796.3825695
14909.4666295
15006.5193895
15135.5619795
15232.6147395
15346.6576695
15474.7526295
15561.7846595
15662.8323395
15733.8694495
15861.9280295
15975.0120895
16122.0804995
16219.1332595
16347.1918395
