4079 4390
4080 4388
4080 4389
4080 4390
4081 4386
4081 4387
4081 4388
4081 4389
4081 4390
4082 4384
4082 4385
4082 4386
4082 4387
4082 4388
4082 4389
4082 4390
4083 4382
4083 4383
4083 4384
4083 4385
4083 4386
4083 4387
4083 4388
4083 4389
4083 4390
4084 4380
4084 4381
4084 4382
4084 4383
4084 4384
4084 4385
4084 4386
4084 4387
4084 4388
4084 4389
4084 4390
4085 4378
4085 4379
4085 4380
4085 4381
4085 4382
4085 4383
4085 4384
4085 4385
4085 4386
4085 4387
4085 4388
4085 4389
4085 4390
4086 4376
4086 4377
4086 4378
4086 4379
4086 4380
4086 4381
4086 4382
4086 4383
4086 4384
4086 4385
4086 4386
4086 4387
4086 4388
4086 4389
4086 4390
4087 4374
4087 4375
4087 4376
4087 4377
4087 4378
4087 4379
4087 4380
4087 4381
4087 4382
4087 4383
4087 4384
4087 4385
4087 4386
4087 4387
4087 4388
4087 4389
4087 4390
4088 4372
4088 4373
4088 4374
4088 4375
4088 4376
4088 4377
4088 4378
4088 4379
4088 4380
4088 4381
4088 4382
4088 4383
4088 4384
4088 4385
4088 4386
4088 4387
4088 4388
4088 4389
4088 4390
4089 4370
4089 4371
4089 4372
4089 4373
4089 4374
4089 4375
4089 4376
4089 4377
4089 4378
4089 4379
4089 4380
4089 4381
4089 4382
4089 4383
4089 4384
4089 4385
4089 4386
4089 4387
4089 4388
4089 4389
4089 4390
4090 4368
4090 4369
4090 4370
4090 4371
4090 4372
4090 4373
4090 4374
4090 4375
4090 4376
4090 4377
4090 4378
4090 4379
4090 4380
4090 4381
4090 4382
4090 4383
4090 4384
4090 4385
4090 4386
4090 4387
4090 4388
4090 4389
4090 4390
4091 4366
4091 4367
4091 4368
4091 4369
4091 4370
4091 4371
4091 4372
4091 4373
4091 4374
4091 4375
4091 4376
4091 4377
4091 4378
4091 4379
4091 4380
4091 4381
4091 4382
4091 4383
4091 4384
4091 4385
4091 4386
4091 4387
4091 4388
4091 4389
4091 4390
4092 4364
4092 4365
4092 4366
4092 4367
4092 4368
4092 4369
4092 4370
4092 4371
4092 4372
4092 4373
4092 4374
4092 4375
4092 4376
4092 4377
4092 4378
4092 4379
4092 4380
4092 4381
4092 4382
4092 4383
4092 4384
4092 4385
4092 4386
4092 4387
4092 4388
4092 4389
4092 4390
4093 4362
4093 4363
4093 4364
4093 4365
4093 4366
4093 4367
4093 4368
4093 4369
4093 4370
4093 4371
4093 4372
4093 4373
4093 4374
4093 4375
4093 4376
4093 4377
4093 4378
4093 4379
4093 4380
4093 4381
4093 4382
4093 4383
4093 4384
4093 4385
4093 4386
4093 4387
4093 4388
4093 4389
4093 4390
4094 4360
4094 4361
4094 4362
4094 4363
4094 4364
4094 4365
4094 4366
4094 4367
4094 4368
4094 4369
4094 4370
4094 4371
4094 4372
4094 4373
4094 4374
4094 4375
4094 4376
4094 4377
4094 4378
4094 4379
4094 4380
4094 4381
4094 4382
4094 4383
4094 4384
4094 4385
4094 4386
4094 4387
4094 4388
4094 4389
4094 4390
4095 4358
4095 4359
4095 4360
4095 4361
4095 4362
4095 4363
4095 4364
4095 4365
4095 4366
4095 4367
4095 4368
4095 4369
4095 4370
4095 4371
4095 4372
4095 4373
4095 4374
4095 4375
4095 4376
4095 4377
4095 4378
4095 4379
4095 4380
4095 4381
4095 4382
4095 4383
4095 4384
4095 4385
4095 4386
4095 4387
4095 4388
4095 4389
4095 4390
4096 4356
4096 4357
4096 4358
4096 4359
4096 4360
4096 4361
4096 4362
4096 4363
4096 4364
4096 4365
4096 4366
4096 4367
4096 4368
4096 4369
4096 4370
4096 4371
4096 4372
4096 4373
4096 4374
4096 4375
4096 4376
4096 4377
4096 4378
4096 4379
4096 4380
4096 4381
4096 4382
4096 4383
4096 4384
4096 4385
4096 4386
4096 4387
4096 4388
4096 4389
4096 4390
4097 4356
4097 4357
4097 4358
4097 4359
4097 4360
4097 4361
4097 4362
4097 4363
4097 4364
4097 4365
4097 4366
4097 4367
4097 4368
4097 4369
4097 4370
4097 4371
4097 4372
4097 4373
4097 4374
4097 4375
4097 4376
4097 4377
4097 4378
4097 4379
4097 4380
4097 4381
4097 4382
4097 4383
4097 4384
4097 4385
4097 4386
4097 4387
4097 4388
4098 4356
4098 4357
4098 4358
4098 4359
4098 4360
4098 4361
4098 4362
4098 4363
4098 4364
4098 4365
4098 4366
4098 4367
4098 4368
4098 4369
4098 4370
4098 4371
4098 4372
4098 4373
4098 4374
4098 4375
4098 4376
4098 4377
4098 4378
4098 4379
4098 4380
4098 4381
4098 4382
4098 4383
4098 4384
4098 4385
4098 4386
4099 4356
4099 4357
4099 4358
4099 4359
4099 4360
4099 4361
4099 4362
4099 4363
4099 4364
4099 4365
4099 4366
4099 4367
4099 4368
4099 4369
4099 4370
4099 4371
4099 4372
4099 4373
4099 4374
4099 4375
4099 4376
4099 4377
4099 4378
4099 4379
4099 4380
4099 4381
4099 4382
4099 4383
4099 4384
4100 4356
4100 4357
4100 4358
4100 4359
4100 4360
4100 4361
4100 4362
4100 4363
4100 4364
4100 4365
4100 4366
4100 4367
4100 4368
4100 4369
4100 4370
4100 4371
4100 4372
4100 4373
4100 4374
4100 4375
4100 4376
4100 4377
4100 4378
4100 4379
4100 4380
4100 4381
4100 4382
4101 4356
4101 4357
4101 4358
4101 4359
4101 4360
4101 4361
4101 4362
4101 4363
4101 4364
4101 4365
4101 4366
4101 4367
4101 4368
4101 4369
4101 4370
4101 4371
4101 4372
4101 4373
4101 4374
4101 4375
4101 4376
4101 4377
4101 4378
4101 4379
4101 4380
4102 4356
4102 4357
4102 4358
4102 4359
4102 4360
4102 4361
4102 4362
4102 4363
4102 4364
4102 4365
4102 4366
4102 4367
4102 4368
4102 4369
4102 4370
4102 4371
4102 4372
4102 4373
4102 4374
4102 4375
4102 4376
4102 4377
4102 4378
4103 4356
4103 4357
4103 4358
4103 4359
4103 4360
4103 4361
4103 4362
4103 4363
4103 4364
4103 4365
4103 4366
4103 4367
4103 4368
4103 4369
4103 4370
4103 4371
4103 4372
4103 4373
4103 4374
4103 4375
4103 4376
4104 4356
4104 4357
4104 4358
4104 4359
4104 4360
4104 4361
4104 4362
4104 4363
4104 4364
4104 4365
4104 4366
4104 4367
4104 4368
4104 4369
4104 4370
4104 4371
4104 4372
4104 4373
4104 4374
4105 4356
4105 4357
4105 4358
4105 4359
4105 4360
4105 4361
4105 4362
4105 4363
4105 4364
4105 4365
4105 4366
4105 4367
4105 4368
4105 4369
4105 4370
4105 4371
4105 4372
4106 4356
4106 4357
4106 4358
4106 4359
4106 4360
4106 4361
4106 4362
4106 4363
4106 4364
4106 4365
4106 4366
4106 4367
4106 4368
4106 4369
4106 4370
4107 4356
4107 4357
4107 4358
4107 4359
4107 4360
4107 4361
4107 4362
4107 4363
4107 4364
4107 4365
4107 4366
4107 4367
4107 4368
4108 4356
4108 4357
4108 4358
4108 4359
4108 4360
4108 4361
4108 4362
4108 4363
4108 4364
4108 4365
4108 4366
4109 4356
4109 4357
4109 4358
4109 4359
4109 4360
4109 4361
4109 4362
4109 4363
4109 4364
4110 4356
4110 4357
4110 4358
4110 4359
4110 4360
4110 4361
4110 4362
4111 4356
4111 4357
4111 4358
4111 4359
4111 4360
4112 4356
4112 4357
4112 4358
4113 4356
9787 4397
9788 4395
9788 4396
9788 4397
9789 4393
9789 4394
9789 4395
9789 4396
9789 4397
9790 4391
9790 4392
9790 4393
9790 4394
9790 4395
9790 4396
9790 4397
9791 4389
9791 4390
9791 4391
9791 4392
9791 4393
9791 4394
9791 4395
9791 4396
9791 4397
9792 4387
9792 4388
9792 4389
9792 4390
9792 4391
9792 4392
9792 4393
9792 4394
9792 4395
9792 4396
9792 4397
9793 4385
9793 4386
9793 4387
9793 4388
9793 4389
9793 4390
9793 4391
9793 4392
9793 4393
9793 4394
9793 4395
9793 4396
9793 4397
9794 4383
9794 4384
9794 4385
9794 4386
9794 4387
9794 4388
9794 4389
9794 4390
9794 4391
9794 4392
9794 4393
9794 4394
9794 4395
9794 4396
9794 4397
9795 4381
9795 4382
9795 4383
9795 4384
9795 4385
9795 4386
9795 4387
9795 4388
9795 4389
9795 4390
9795 4391
9795 4392
9795 4393
9795 4394
9795 4395
9795 4396
9795 4397
9796 4379
9796 4380
9796 4381
9796 4382
9796 4383
9796 4384
9796 4385
9796 4386
9796 4387
9796 4388
9796 4389
9796 4390
9796 4391
9796 4392
9796 4393
9796 4394
9796 4395
9796 4396
9796 4397
9797 4377
9797 4378
9797 4379
9797 4380
9797 4381
9797 4382
9797 4383
9797 4384
9797 4385
9797 4386
9797 4387
9797 4388
9797 4389
9797 4390
9797 4391
9797 4392
9797 4393
9797 4394
9797 4395
9797 4396
9797 4397
9798 4375
9798 4376
9798 4377
9798 4378
9798 4379
9798 4380
9798 4381
9798 4382
9798 4383
9798 4384
9798 4385
9798 4386
9798 4387
9798 4388
9798 4389
9798 4390
9798 4391
9798 4392
9798 4393
9798 4394
9798 4395
9798 4396
9798 4397
9799 4373
9799 4374
9799 4375
9799 4376
9799 4377
9799 4378
9799 4379
9799 4380
9799 4381
9799 4382
9799 4383
9799 4384
9799 4385
9799 4386
9799 4387
9799 4388
9799 4389
9799 4390
9799 4391
9799 4392
9799 4393
9799 4394
9799 4395
9799 4396
9799 4397
9800 4371
9800 4372
9800 4373
9800 4374
9800 4375
9800 4376
9800 4377
9800 4378
9800 4379
9800 4380
9800 4381
9800 4382
9800 4383
9800 4384
9800 4385
9800 4386
9800 4387
9800 4388
9800 4389
9800 4390
9800 4391
9800 4392
9800 4393
9800 4394
9800 4395
9800 4396
9800 4397
9801 4369
9801 4370
9801 4371
9801 4372
9801 4373
9801 4374
9801 4375
9801 4376
9801 4377
9801 4378
9801 4379
9801 4380
9801 4381
9801 4382
9801 4383
9801 4384
9801 4385
9801 4386
9801 4387
9801 4388
9801 4389
9801 4390
9801 4391
9801 4392
9801 4393
9801 4394
9801 4395
9801 4396
9801 4397
9802 4367
9802 4368
9802 4369
9802 4370
9802 4371
9802 4372
9802 4373
9802 4374
9802 4375
9802 4376
9802 4377
9802 4378
9802 4379
9802 4380
9802 4381
9802 4382
9802 4383
9802 4384
9802 4385
9802 4386
9802 4387
9802 4388
9802 4389
9802 4390
9802 4391
9802 4392
9802 4393
9802 4394
9802 4395
9802 4396
9802 4397
9803 4365
9803 4366
9803 4367
9803 4368
9803 4369
9803 4370
9803 4371
9803 4372
9803 4373
9803 4374
9803 4375
9803 4376
9803 4377
9803 4378
9803 4379
9803 4380
9803 4381
9803 4382
9803 4383
9803 4384
9803 4385
9803 4386
9803 4387
9803 4388
9803 4389
9803 4390
9803 4391
9803 4392
9803 4393
9803 4394
9803 4395
9803 4396
9803 4397
9804 4363
9804 4364
9804 4365
9804 4366
9804 4367
9804 4368
9804 4369
9804 4370
9804 4371
9804 4372
9804 4373
9804 4374
9804 4375
9804 4376
9804 4377
9804 4378
9804 4379
9804 4380
9804 4381
9804 4382
9804 4383
9804 4384
9804 4385
9804 4386
9804 4387
9804 4388
9804 4389
9804 4390
9804 4391
9804 4392
9804 4393
9804 4394
9804 4395
9804 4396
9804 4397
9805 4361
9805 4362
9805 4363
9805 4364
9805 4365
9805 4366
9805 4367
9805 4368
9805 4369
9805 4370
9805 4371
9805 4372
9805 4373
9805 4374
9805 4375
9805 4376
9805 4377
9805 4378
9805 4379
9805 4380
9805 4381
9805 4382
9805 4383
9805 4384
9805 4385
9805 4386
9805 4387
9805 4388
9805 4389
9805 4390
9805 4391
9805 4392
9805 4393
9805 4394
9805 4395
9805 4396
9805 4397
9806 4359
9806 4360
9806 4361
9806 4362
9806 4363
9806 4364
9806 4365
9806 4366
9806 4367
9806 4368
9806 4369
9806 4370
9806 4371
9806 4372
9806 4373
9806 4374
9806 4375
9806 4376
9806 4377
9806 4378
9806 4379
9806 4380
9806 4381
9806 4382
9806 4383
9806 4384
9806 4385
9806 4386
9806 4387
9806 4388
9806 4389
9806 4390
9806 4391
9806 4392
9806 4393
9806 4394
9806 4395
9806 4396
9806 4397
9807 4357
9807 4358
9807 4359
9807 4360
9807 4361
9807 4362
9807 4363
9807 4364
9807 4365
9807 4366
9807 4367
9807 4368
9807 4369
9807 4370
9807 4371
9807 4372
9807 4373
9807 4374
9807 4375
9807 4376
9807 4377
9807 4378
9807 4379
9807 4380
9807 4381
9807 4382
9807 4383
9807 4384
9807 4385
9807 4386
9807 4387
9807 4388
9807 4389
9807 4390
9807 4391
9807 4392
9807 4393
9807 4394
9807 4395
9807 4396
9807 4397
9808 4355
9808 4356
9808 4357
9808 4358
9808 4359
9808 4360
9808 4361
9808 4362
9808 4363
9808 4364
9808 4365
9808 4366
9808 4367
9808 4368
9808 4369
9808 4370
9808 4371
9808 4372
9808 4373
9808 4374
9808 4375
9808 4376
9808 4377
9808 4378
9808 4379
9808 4380
9808 4381
9808 4382
9808 4383
9808 4384
9808 4385
9808 4386
9808 4387
9808 4388
9808 4389
9808 4390
9808 4391
9808 4392
9808 4393
9808 4394
9808 4395
9808 4396
9808 4397
9809 4355
9809 4356
9809 4357
9809 4358
9809 4359
9809 4360
9809 4361
9809 4362
9809 4363
9809 4364
9809 4365
9809 4366
9809 4367
9809 4368
9809 4369
9809 4370
9809 4371
9809 4372
9809 4373
9809 4374
9809 4375
9809 4376
9809 4377
9809 4378
9809 4379
9809 4380
9809 4381
9809 4382
9809 4383
9809 4384
9809 4385
9809 4386
9809 4387
9809 4388
9809 4389
9809 4390
9809 4391
9809 4392
9809 4393
9809 4394
9809 4395
9810 4355
9810 4356
9810 4357
9810 4358
9810 4359
9810 4360
9810 4361
9810 4362
9810 4363
9810 4364
9810 4365
9810 4366
9810 4367
9810 4368
9810 4369
9810 4370
9810 4371
9810 4372
9810 4373
9810 4374
9810 4375
9810 4376
9810 4377
9810 4378
9810 4379
9810 4380
9810 4381
9810 4382
9810 4383
9810 4384
9810 4385
9810 4386
9810 4387
9810 4388
9810 4389
9810 4390
9810 4391
9810 4392
9810 4393
9811 4355
9811 4356
9811 4357
9811 4358
9811 4359
9811 4360
9811 4361
9811 4362
9811 4363
9811 4364
9811 4365
9811 4366
9811 4367
9811 4368
9811 4369
9811 4370
9811 4371
9811 4372
9811 4373
9811 4374
9811 4375
9811 4376
9811 4377
9811 4378
9811 4379
9811 4380
9811 4381
9811 4382
9811 4383
9811 4384
9811 4385
9811 4386
9811 4387
9811 4388
9811 4389
9811 4390
9811 4391
9812 4355
9812 4356
9812 4357
9812 4358
9812 4359
9812 4360
9812 4361
9812 4362
9812 4363
9812 4364
9812 4365
9812 4366
9812 4367
9812 4368
9812 4369
9812 4370
9812 4371
9812 4372
9812 4373
9812 4374
9812 4375
9812 4376
9812 4377
9812 4378
9812 4379
9812 4380
9812 4381
9812 4382
9812 4383
9812 4384
9812 4385
9812 4386
9812 4387
9812 4388
9812 4389
9813 4355
9813 4356
9813 4357
9813 4358
9813 4359
9813 4360
9813 4361
9813 4362
9813 4363
9813 4364
9813 4365
9813 4366
9813 4367
9813 4368
9813 4369
9813 4370
9813 4371
9813 4372
9813 4373
9813 4374
9813 4375
9813 4376
9813 4377
9813 4378
9813 4379
9813 4380
9813 4381
9813 4382
9813 4383
9813 4384
9813 4385
9813 4386
9813 4387
9814 4355
9814 4356
9814 4357
9814 4358
9814 4359
9814 4360
9814 4361
9814 4362
9814 4363
9814 4364
9814 4365
9814 4366
9814 4367
9814 4368
9814 4369
9814 4370
9814 4371
9814 4372
9814 4373
9814 4374
9814 4375
9814 4376
9814 4377
9814 4378
9814 4379
9814 4380
9814 4381
9814 4382
9814 4383
9814 4384
9814 4385
9815 4355
9815 4356
9815 4357
9815 4358
9815 4359
9815 4360
9815 4361
9815 4362
9815 4363
9815 4364
9815 4365
9815 4366
9815 4367
9815 4368
9815 4369
9815 4370
9815 4371
9815 4372
9815 4373
9815 4374
9815 4375
9815 4376
9815 4377
9815 4378
9815 4379
9815 4380
9815 4381
9815 4382
9815 4383
9816 4355
9816 4356
9816 4357
9816 4358
9816 4359
9816 4360
9816 4361
9816 4362
9816 4363
9816 4364
9816 4365
9816 4366
9816 4367
9816 4368
9816 4369
9816 4370
9816 4371
9816 4372
9816 4373
9816 4374
9816 4375
9816 4376
9816 4377
9816 4378
9816 4379
9816 4380
9816 4381
9817 4355
9817 4356
9817 4357
9817 4358
9817 4359
9817 4360
9817 4361
9817 4362
9817 4363
9817 4364
9817 4365
9817 4366
9817 4367
9817 4368
9817 4369
9817 4370
9817 4371
9817 4372
9817 4373
9817 4374
9817 4375
9817 4376
9817 4377
9817 4378
9817 4379
9818 4355
9818 4356
9818 4357
9818 4358
9818 4359
9818 4360
9818 4361
9818 4362
9818 4363
9818 4364
9818 4365
9818 4366
9818 4367
9818 4368
9818 4369
9818 4370
9818 4371
9818 4372
9818 4373
9818 4374
9818 4375
9818 4376
9818 4377
9819 4355
9819 4356
9819 4357
9819 4358
9819 4359
9819 4360
9819 4361
9819 4362
9819 4363
9819 4364
9819 4365
9819 4366
9819 4367
9819 4368
9819 4369
9819 4370
9819 4371
9819 4372
9819 4373
9819 4374
9819 4375
9820 4355
9820 4356
9820 4357
9820 4358
9820 4359
9820 4360
9820 4361
9820 4362
9820 4363
9820 4364
9820 4365
9820 4366
9820 4367
9820 4368
9820 4369
9820 4370
9820 4371
9820 4372
9820 4373
9821 4355
9821 4356
9821 4357
9821 4358
9821 4359
9821 4360
9821 4361
9821 4362
9821 4363
9821 4364
9821 4365
9821 4366
9821 4367
9821 4368
9821 4369
9821 4370
9821 4371
9822 4355
9822 4356
9822 4357
9822 4358
9822 4359
9822 4360
9822 4361
9822 4362
9822 4363
9822 4364
9822 4365
9822 4366
9822 4367
9822 4368
9822 4369
9823 4355
9823 4356
9823 4357
9823 4358
9823 4359
9823 4360
9823 4361
9823 4362
9823 4363
9823 4364
9823 4365
9823 4366
9823 4367
9824 4355
9824 4356
9824 4357
9824 4358
9824 4359
9824 4360
9824 4361
9824 4362
9824 4363
9824 4364
9824 4365
9825 4355
9825 4356
9825 4357
9825 4358
9825 4359
9825 4360
9825 4361
9825 4362
9825 4363
9826 4355
9826 4356
9826 4357
9826 4358
9826 4359
9826 4360
9826 4361
9827 4355
9827 4356
9827 4357
9827 4358
9827 4359
9828 4355
9828 4356
9828 4357
9829 4355
20795 4382
20796 4380
20796 4381
20796 4382
20797 4378
20797 4379
20797 4380
20797 4381
20797 4382
20798 4376
20798 4377
20798 4378
20798 4379
20798 4380
20798 4381
20798 4382
20799 4373
20799 4374
20799 4375
20799 4376
20799 4377
20799 4378
20799 4379
20799 4380
20799 4381
20799 4382
20800 4371
20800 4372
20800 4373
20800 4374
20800 4375
20800 4376
20800 4377
20800 4378
20800 4379
20800 4380
20800 4381
20800 4382
20801 4369
20801 4370
20801 4371
20801 4372
20801 4373
20801 4374
20801 4375
20801 4376
20801 4377
20801 4378
20801 4379
20801 4380
20801 4381
20801 4382
20802 4367
20802 4368
20802 4369
20802 4370
20802 4371
20802 4372
20802 4373
20802 4374
20802 4375
20802 4376
20802 4377
20802 4378
20802 4379
20802 4380
20802 4381
20802 4382
20803 4365
20803 4366
20803 4367
20803 4368
20803 4369
20803 4370
20803 4371
20803 4372
20803 4373
20803 4374
20803 4375
20803 4376
20803 4377
20803 4378
20803 4379
20803 4380
20803 4381
20803 4382
20804 4363
20804 4364
20804 4365
20804 4366
20804 4367
20804 4368
20804 4369
20804 4370
20804 4371
20804 4372
20804 4373
20804 4374
20804 4375
20804 4376
20804 4377
20804 4378
20804 4379
20804 4380
20804 4381
20804 4382
20805 4361
20805 4362
20805 4363
20805 4364
20805 4365
20805 4366
20805 4367
20805 4368
20805 4369
20805 4370
20805 4371
20805 4372
20805 4373
20805 4374
20805 4375
20805 4376
20805 4377
20805 4378
20805 4379
20805 4380
20805 4381
20805 4382
20806 4359
20806 4360
20806 4361
20806 4362
20806 4363
20806 4364
20806 4365
20806 4366
20806 4367
20806 4368
20806 4369
20806 4370
20806 4371
20806 4372
20806 4373
20806 4374
20806 4375
20806 4376
20806 4377
20806 4378
20806 4379
20806 4380
20806 4381
20806 4382
20807 4357
20807 4358
20807 4359
20807 4360
20807 4361
20807 4362
20807 4363
20807 4364
20807 4365
20807 4366
20807 4367
20807 4368
20807 4369
20807 4370
20807 4371
20807 4372
20807 4373
20807 4374
20807 4375
20807 4376
20807 4377
20807 4378
20807 4379
20807 4380
20807 4381
20807 4382
20808 4357
20808 4358
20808 4359
20808 4360
20808 4361
20808 4362
20808 4363
20808 4364
20808 4365
20808 4366
20808 4367
20808 4368
20808 4369
20808 4370
20808 4371
20808 4372
20808 4373
20808 4374
20808 4375
20808 4376
20808 4377
20808 4378
20808 4379
20808 4380
20809 4357
20809 4358
20809 4359
20809 4360
20809 4361
20809 4362
20809 4363
20809 4364
20809 4365
20809 4366
20809 4367
20809 4368
20809 4369
20809 4370
20809 4371
20809 4372
20809 4373
20809 4374
20809 4375
20809 4376
20809 4377
20809 4378
20810 4357
20810 4358
20810 4359
20810 4360
20810 4361
20810 4362
20810 4363
20810 4364
20810 4365
20810 4366
20810 4367
20810 4368
20810 4369
20810 4370
20810 4371
20810 4372
20810 4373
20810 4374
20810 4375
20810 4376
20811 4357
20811 4358
20811 4359
20811 4360
20811 4361
20811 4362
20811 4363
20811 4364
20811 4365
20811 4366
20811 4367
20811 4368
20811 4369
20811 4370
20811 4371
20811 4372
20811 4373
20811 4374
20812 4357
20812 4358
20812 4359
20812 4360
20812 4361
20812 4362
20812 4363
20812 4364
20812 4365
20812 4366
20812 4367
20812 4368
20812 4369
20812 4370
20812 4371
20812 4372
20813 4357
20813 4358
20813 4359
20813 4360
20813 4361
20813 4362
20813 4363
20813 4364
20813 4365
20813 4366
20813 4367
20813 4368
20813 4369
20813 4370
20814 4357
20814 4358
20814 4359
20814 4360
20814 4361
20814 4362
20814 4363
20814 4364
20814 4365
20814 4366
20814 4367
20814 4368
20815 4357
20815 4358
20815 4359
20815 4360
20815 4361
20815 4362
20815 4363
20815 4364
20815 4365
20815 4366
20816 4358
20816 4359
20816 4360
20816 4361
20816 4362
20816 4363
20816 4364
20817 4358
20817 4359
20817 4360
20817 4361
20817 4362
20818 4358
20818 4359
20818 4360
20819 4358
30697 4404
30698 4402
30698 4403
30698 4404
30699 4400
30699 4401
30699 4402
30699 4403
30699 4404
30700 4398
30700 4399
30700 4400
30700 4401
30700 4402
30700 4403
30700 4404
30701 4396
30701 4397
30701 4398
30701 4399
30701 4400
30701 4401
30701 4402
30701 4403
30701 4404
30702 4394
30702 4395
30702 4396
30702 4397
30702 4398
30702 4399
30702 4400
30702 4401
30702 4402
30702 4403
30702 4404
30703 4392
30703 4393
30703 4394
30703 4395
30703 4396
30703 4397
30703 4398
30703 4399
30703 4400
30703 4401
30703 4402
30703 4403
30703 4404
30704 4390
30704 4391
30704 4392
30704 4393
30704 4394
30704 4395
30704 4396
30704 4397
30704 4398
30704 4399
30704 4400
30704 4401
30704 4402
30704 4403
30704 4404
30705 4388
30705 4389
30705 4390
30705 4391
30705 4392
30705 4393
30705 4394
30705 4395
30705 4396
30705 4397
30705 4398
30705 4399
30705 4400
30705 4401
30705 4402
30705 4403
30705 4404
30706 4386
30706 4387
30706 4388
30706 4389
30706 4390
30706 4391
30706 4392
30706 4393
30706 4394
30706 4395
30706 4396
30706 4397
30706 4398
30706 4399
30706 4400
30706 4401
30706 4402
30706 4403
30706 4404
30707 4384
30707 4385
30707 4386
30707 4387
30707 4388
30707 4389
30707 4390
30707 4391
30707 4392
30707 4393
30707 4394
30707 4395
30707 4396
30707 4397
30707 4398
30707 4399
30707 4400
30707 4401
30707 4402
30707 4403
30707 4404
30708 4382
30708 4383
30708 4384
30708 4385
30708 4386
30708 4387
30708 4388
30708 4389
30708 4390
30708 4391
30708 4392
30708 4393
30708 4394
30708 4395
30708 4396
30708 4397
30708 4398
30708 4399
30708 4400
30708 4401
30708 4402
30708 4403
30708 4404
30709 4380
30709 4381
30709 4382
30709 4383
30709 4384
30709 4385
30709 4386
30709 4387
30709 4388
30709 4389
30709 4390
30709 4391
30709 4392
30709 4393
30709 4394
30709 4395
30709 4396
30709 4397
30709 4398
30709 4399
30709 4400
30709 4401
30709 4402
30709 4403
30709 4404
30710 4378
30710 4379
30710 4380
30710 4381
30710 4382
30710 4383
30710 4384
30710 4385
30710 4386
30710 4387
30710 4388
30710 4389
30710 4390
30710 4391
30710 4392
30710 4393
30710 4394
30710 4395
30710 4396
30710 4397
30710 4398
30710 4399
30710 4400
30710 4401
30710 4402
30710 4403
30710 4404
30711 4376
30711 4377
30711 4378
30711 4379
30711 4380
30711 4381
30711 4382
30711 4383
30711 4384
30711 4385
30711 4386
30711 4387
30711 4388
30711 4389
30711 4390
30711 4391
30711 4392
30711 4393
30711 4394
30711 4395
30711 4396
30711 4397
30711 4398
30711 4399
30711 4400
30711 4401
30711 4402
30711 4403
30711 4404
30712 4374
30712 4375
30712 4376
30712 4377
30712 4378
30712 4379
30712 4380
30712 4381
30712 4382
30712 4383
30712 4384
30712 4385
30712 4386
30712 4387
30712 4388
30712 4389
30712 4390
30712 4391
30712 4392
30712 4393
30712 4394
30712 4395
30712 4396
30712 4397
30712 4398
30712 4399
30712 4400
30712 4401
30712 4402
30712 4403
30712 4404
30713 4372
30713 4373
30713 4374
30713 4375
30713 4376
30713 4377
30713 4378
30713 4379
30713 4380
30713 4381
30713 4382
30713 4383
30713 4384
30713 4385
30713 4386
30713 4387
30713 4388
30713 4389
30713 4390
30713 4391
30713 4392
30713 4393
30713 4394
30713 4395
30713 4396
30713 4397
30713 4398
30713 4399
30713 4400
30713 4401
30713 4402
30713 4403
30713 4404
30714 4370
30714 4371
30714 4372
30714 4373
30714 4374
30714 4375
30714 4376
30714 4377
30714 4378
30714 4379
30714 4380
30714 4381
30714 4382
30714 4383
30714 4384
30714 4385
30714 4386
30714 4387
30714 4388
30714 4389
30714 4390
30714 4391
30714 4392
30714 4393
30714 4394
30714 4395
30714 4396
30714 4397
30714 4398
30714 4399
30714 4400
30714 4401
30714 4402
30714 4403
30714 4404
30715 4368
30715 4369
30715 4370
30715 4371
30715 4372
30715 4373
30715 4374
30715 4375
30715 4376
30715 4377
30715 4378
30715 4379
30715 4380
30715 4381
30715 4382
30715 4383
30715 4384
30715 4385
30715 4386
30715 4387
30715 4388
30715 4389
30715 4390
30715 4391
30715 4392
30715 4393
30715 4394
30715 4395
30715 4396
30715 4397
30715 4398
30715 4399
30715 4400
30715 4401
30715 4402
30715 4403
30715 4404
30716 4366
30716 4367
30716 4368
30716 4369
30716 4370
30716 4371
30716 4372
30716 4373
30716 4374
30716 4375
30716 4376
30716 4377
30716 4378
30716 4379
30716 4380
30716 4381
30716 4382
30716 4383
30716 4384
30716 4385
30716 4386
30716 4387
30716 4388
30716 4389
30716 4390
30716 4391
30716 4392
30716 4393
30716 4394
30716 4395
30716 4396
30716 4397
30716 4398
30716 4399
30716 4400
30716 4401
30716 4402
30716 4403
30716 4404
30717 4364
30717 4365
30717 4366
30717 4367
30717 4368
30717 4369
30717 4370
30717 4371
30717 4372
30717 4373
30717 4374
30717 4375
30717 4376
30717 4377
30717 4378
30717 4379
30717 4380
30717 4381
30717 4382
30717 4383
30717 4384
30717 4385
30717 4386
30717 4387
30717 4388
30717 4389
30717 4390
30717 4391
30717 4392
30717 4393
30717 4394
30717 4395
30717 4396
30717 4397
30717 4398
30717 4399
30717 4400
30717 4401
30717 4402
30717 4403
30717 4404
30718 4362
30718 4363
30718 4364
30718 4365
30718 4366
30718 4367
30718 4368
30718 4369
30718 4370
30718 4371
30718 4372
30718 4373
30718 4374
30718 4375
30718 4376
30718 4377
30718 4378
30718 4379
30718 4380
30718 4381
30718 4382
30718 4383
30718 4384
30718 4385
30718 4386
30718 4387
30718 4388
30718 4389
30718 4390
30718 4391
30718 4392
30718 4393
30718 4394
30718 4395
30718 4396
30718 4397
30718 4398
30718 4399
30718 4400
30718 4401
30718 4402
30718 4403
30718 4404
30719 4360
30719 4361
30719 4362
30719 4363
30719 4364
30719 4365
30719 4366
30719 4367
30719 4368
30719 4369
30719 4370
30719 4371
30719 4372
30719 4373
30719 4374
30719 4375
30719 4376
30719 4377
30719 4378
30719 4379
30719 4380
30719 4381
30719 4382
30719 4383
30719 4384
30719 4385
30719 4386
30719 4387
30719 4388
30719 4389
30719 4390
30719 4391
30719 4392
30719 4393
30719 4394
30719 4395
30719 4396
30719 4397
30719 4398
30719 4399
30719 4400
30719 4401
30719 4402
30719 4403
30719 4404
30720 4358
30720 4359
30720 4360
30720 4361
30720 4362
30720 4363
30720 4364
30720 4365
30720 4366
30720 4367
30720 4368
30720 4369
30720 4370
30720 4371
30720 4372
30720 4373
30720 4374
30720 4375
30720 4376
30720 4377
30720 4378
30720 4379
30720 4380
30720 4381
30720 4382
30720 4383
30720 4384
30720 4385
30720 4386
30720 4387
30720 4388
30720 4389
30720 4390
30720 4391
30720 4392
30720 4393
30720 4394
30720 4395
30720 4396
30720 4397
30720 4398
30720 4399
30720 4400
30720 4401
30720 4402
30720 4403
30720 4404
30721 4356
30721 4357
30721 4358
30721 4359
30721 4360
30721 4361
30721 4362
30721 4363
30721 4364
30721 4365
30721 4366
30721 4367
30721 4368
30721 4369
30721 4370
30721 4371
30721 4372
30721 4373
30721 4374
30721 4375
30721 4376
30721 4377
30721 4378
30721 4379
30721 4380
30721 4381
30721 4382
30721 4383
30721 4384
30721 4385
30721 4386
30721 4387
30721 4388
30721 4389
30721 4390
30721 4391
30721 4392
30721 4393
30721 4394
30721 4395
30721 4396
30721 4397
30721 4398
30721 4399
30721 4400
30721 4401
30721 4402
30721 4403
30721 4404
30722 4354
30722 4355
30722 4356
30722 4357
30722 4358
30722 4359
30722 4360
30722 4361
30722 4362
30722 4363
30722 4364
30722 4365
30722 4366
30722 4367
30722 4368
30722 4369
30722 4370
30722 4371
30722 4372
30722 4373
30722 4374
30722 4375
30722 4376
30722 4377
30722 4378
30722 4379
30722 4380
30722 4381
30722 4382
30722 4383
30722 4384
30722 4385
30722 4386
30722 4387
30722 4388
30722 4389
30722 4390
30722 4391
30722 4392
30722 4393
30722 4394
30722 4395
30722 4396
30722 4397
30722 4398
30722 4399
30722 4400
30722 4401
30722 4402
30722 4403
30722 4404
30723 4352
30723 4353
30723 4354
30723 4355
30723 4356
30723 4357
30723 4358
30723 4359
30723 4360
30723 4361
30723 4362
30723 4363
30723 4364
30723 4365
30723 4366
30723 4367
30723 4368
30723 4369
30723 4370
30723 4371
30723 4372
30723 4373
30723 4374
30723 4375
30723 4376
30723 4377
30723 4378
30723 4379
30723 4380
30723 4381
30723 4382
30723 4383
30723 4384
30723 4385
30723 4386
30723 4387
30723 4388
30723 4389
30723 4390
30723 4391
30723 4392
30723 4393
30723 4394
30723 4395
30723 4396
30723 4397
30723 4398
30723 4399
30723 4400
30723 4401
30723 4402
30723 4403
30723 4404
30724 4352
30724 4353
30724 4354
30724 4355
30724 4356
30724 4357
30724 4358
30724 4359
30724 4360
30724 4361
30724 4362
30724 4363
30724 4364
30724 4365
30724 4366
30724 4367
30724 4368
30724 4369
30724 4370
30724 4371
30724 4372
30724 4373
30724 4374
30724 4375
30724 4376
30724 4377
30724 4378
30724 4379
30724 4380
30724 4381
30724 4382
30724 4383
30724 4384
30724 4385
30724 4386
30724 4387
30724 4388
30724 4389
30724 4390
30724 4391
30724 4392
30724 4393
30724 4394
30724 4395
30724 4396
30724 4397
30724 4398
30724 4399
30724 4400
30724 4401
30724 4402
30725 4352
30725 4353
30725 4354
30725 4355
30725 4356
30725 4357
30725 4358
30725 4359
30725 4360
30725 4361
30725 4362
30725 4363
30725 4364
30725 4365
30725 4366
30725 4367
30725 4368
30725 4369
30725 4370
30725 4371
30725 4372
30725 4373
30725 4374
30725 4375
30725 4376
30725 4377
30725 4378
30725 4379
30725 4380
30725 4381
30725 4382
30725 4383
30725 4384
30725 4385
30725 4386
30725 4387
30725 4388
30725 4389
30725 4390
30725 4391
30725 4392
30725 4393
30725 4394
30725 4395
30725 4396
30725 4397
30725 4398
30725 4399
30725 4400
30726 4352
30726 4353
30726 4354
30726 4355
30726 4356
30726 4357
30726 4358
30726 4359
30726 4360
30726 4361
30726 4362
30726 4363
30726 4364
30726 4365
30726 4366
30726 4367
30726 4368
30726 4369
30726 4370
30726 4371
30726 4372
30726 4373
30726 4374
30726 4375
30726 4376
30726 4377
30726 4378
30726 4379
30726 4380
30726 4381
30726 4382
30726 4383
30726 4384
30726 4385
30726 4386
30726 4387
30726 4388
30726 4389
30726 4390
30726 4391
30726 4392
30726 4393
30726 4394
30726 4395
30726 4396
30726 4397
30726 4398
30727 4352
30727 4353
30727 4354
30727 4355
30727 4356
30727 4357
30727 4358
30727 4359
30727 4360
30727 4361
30727 4362
30727 4363
30727 4364
30727 4365
30727 4366
30727 4367
30727 4368
30727 4369
30727 4370
30727 4371
30727 4372
30727 4373
30727 4374
30727 4375
30727 4376
30727 4377
30727 4378
30727 4379
30727 4380
30727 4381
30727 4382
30727 4383
30727 4384
30727 4385
30727 4386
30727 4387
30727 4388
30727 4389
30727 4390
30727 4391
30727 4392
30727 4393
30727 4394
30727 4395
30727 4396
30728 4352
30728 4353
30728 4354
30728 4355
30728 4356
30728 4357
30728 4358
30728 4359
30728 4360
30728 4361
30728 4362
30728 4363
30728 4364
30728 4365
30728 4366
30728 4367
30728 4368
30728 4369
30728 4370
30728 4371
30728 4372
30728 4373
30728 4374
30728 4375
30728 4376
30728 4377
30728 4378
30728 4379
30728 4380
30728 4381
30728 4382
30728 4383
30728 4384
30728 4385
30728 4386
30728 4387
30728 4388
30728 4389
30728 4390
30728 4391
30728 4392
30728 4393
30728 4394
30729 4352
30729 4353
30729 4354
30729 4355
30729 4356
30729 4357
30729 4358
30729 4359
30729 4360
30729 4361
30729 4362
30729 4363
30729 4364
30729 4365
30729 4366
30729 4367
30729 4368
30729 4369
30729 4370
30729 4371
30729 4372
30729 4373
30729 4374
30729 4375
30729 4376
30729 4377
30729 4378
30729 4379
30729 4380
30729 4381
30729 4382
30729 4383
30729 4384
30729 4385
30729 4386
30729 4387
30729 4388
30729 4389
30729 4390
30729 4391
30729 4392
30730 4352
30730 4353
30730 4354
30730 4355
30730 4356
30730 4357
30730 4358
30730 4359
30730 4360
30730 4361
30730 4362
30730 4363
30730 4364
30730 4365
30730 4366
30730 4367
30730 4368
30730 4369
30730 4370
30730 4371
30730 4372
30730 4373
30730 4374
30730 4375
30730 4376
30730 4377
30730 4378
30730 4379
30730 4380
30730 4381
30730 4382
30730 4383
30730 4384
30730 4385
30730 4386
30730 4387
30730 4388
30730 4389
30730 4390
30731 4352
30731 4353
30731 4354
30731 4355
30731 4356
30731 4357
30731 4358
30731 4359
30731 4360
30731 4361
30731 4362
30731 4363
30731 4364
30731 4365
30731 4366
30731 4367
30731 4368
30731 4369
30731 4370
30731 4371
30731 4372
30731 4373
30731 4374
30731 4375
30731 4376
30731 4377
30731 4378
30731 4379
30731 4380
30731 4381
30731 4382
30731 4383
30731 4384
30731 4385
30731 4386
30731 4387
30731 4388
30732 4352
30732 4353
30732 4354
30732 4355
30732 4356
30732 4357
30732 4358
30732 4359
30732 4360
30732 4361
30732 4362
30732 4363
30732 4364
30732 4365
30732 4366
30732 4367
30732 4368
30732 4369
30732 4370
30732 4371
30732 4372
30732 4373
30732 4374
30732 4375
30732 4376
30732 4377
30732 4378
30732 4379
30732 4380
30732 4381
30732 4382
30732 4383
30732 4384
30732 4385
30732 4386
30733 4352
30733 4353
30733 4354
30733 4355
30733 4356
30733 4357
30733 4358
30733 4359
30733 4360
30733 4361
30733 4362
30733 4363
30733 4364
30733 4365
30733 4366
30733 4367
30733 4368
30733 4369
30733 4370
30733 4371
30733 4372
30733 4373
30733 4374
30733 4375
30733 4376
30733 4377
30733 4378
30733 4379
30733 4380
30733 4381
30733 4382
30733 4383
30733 4384
30734 4352
30734 4353
30734 4354
30734 4355
30734 4356
30734 4357
30734 4358
30734 4359
30734 4360
30734 4361
30734 4362
30734 4363
30734 4364
30734 4365
30734 4366
30734 4367
30734 4368
30734 4369
30734 4370
30734 4371
30734 4372
30734 4373
30734 4374
30734 4375
30734 4376
30734 4377
30734 4378
30734 4379
30734 4380
30734 4381
30734 4382
30735 4352
30735 4353
30735 4354
30735 4355
30735 4356
30735 4357
30735 4358
30735 4359
30735 4360
30735 4361
30735 4362
30735 4363
30735 4364
30735 4365
30735 4366
30735 4367
30735 4368
30735 4369
30735 4370
30735 4371
30735 4372
30735 4373
30735 4374
30735 4375
30735 4376
30735 4377
30735 4378
30735 4379
30735 4380
30736 4352
30736 4353
30736 4354
30736 4355
30736 4356
30736 4357
30736 4358
30736 4359
30736 4360
30736 4361
30736 4362
30736 4363
30736 4364
30736 4365
30736 4366
30736 4367
30736 4368
30736 4369
30736 4370
30736 4371
30736 4372
30736 4373
30736 4374
30736 4375
30736 4376
30736 4377
30736 4378
30737 4352
30737 4353
30737 4354
30737 4355
30737 4356
30737 4357
30737 4358
30737 4359
30737 4360
30737 4361
30737 4362
30737 4363
30737 4364
30737 4365
30737 4366
30737 4367
30737 4368
30737 4369
30737 4370
30737 4371
30737 4372
30737 4373
30737 4374
30737 4375
30737 4376
30738 4352
30738 4353
30738 4354
30738 4355
30738 4356
30738 4357
30738 4358
30738 4359
30738 4360
30738 4361
30738 4362
30738 4363
30738 4364
30738 4365
30738 4366
30738 4367
30738 4368
30738 4369
30738 4370
30738 4371
30738 4372
30738 4373
30738 4374
30739 4352
30739 4353
30739 4354
30739 4355
30739 4356
30739 4357
30739 4358
30739 4359
30739 4360
30739 4361
30739 4362
30739 4363
30739 4364
30739 4365
30739 4366
30739 4367
30739 4368
30739 4369
30739 4370
30739 4371
30739 4372
30740 4352
30740 4353
30740 4354
30740 4355
30740 4356
30740 4357
30740 4358
30740 4359
30740 4360
30740 4361
30740 4362
30740 4363
30740 4364
30740 4365
30740 4366
30740 4367
30740 4368
30740 4369
30740 4370
30741 4352
30741 4353
30741 4354
30741 4355
30741 4356
30741 4357
30741 4358
30741 4359
30741 4360
30741 4361
30741 4362
30741 4363
30741 4364
30741 4365
30741 4366
30741 4367
30741 4368
30742 4352
30742 4353
30742 4354
30742 4355
30742 4356
30742 4357
30742 4358
30742 4359
30742 4360
30742 4361
30742 4362
30742 4363
30742 4364
30742 4365
30742 4366
30743 4352
30743 4353
30743 4354
30743 4355
30743 4356
30743 4357
30743 4358
30743 4359
30743 4360
30743 4361
30743 4362
30743 4363
30743 4364
30744 4352
30744 4353
30744 4354
30744 4355
30744 4356
30744 4357
30744 4358
30744 4359
30744 4360
30744 4361
30744 4362
30745 4352
30745 4353
30745 4354
30745 4355
30745 4356
30745 4357
30745 4358
30745 4359
30745 4360
30746 4352
30746 4353
30746 4354
30746 4355
30746 4356
30746 4357
30746 4358
30747 4352
30747 4353
30747 4354
30747 4355
30747 4356
30748 4352
30748 4353
30748 4354
30749 4352
