15353.099516
2401.319468
2458.340928
2548.387878
2586.435888
2663.414818
2699.519948
2786.551978
2819.515928
2933.620388
2975.617038
2990.641848
3103.675618
3118.736808
3206.684808
3255.795718
3312.817178
3334.743388
3415.826368
3465.783878
3518.835558
3566.831558
3631.919618
3665.899968
3760.014578
3778.984028
3907.078988
3916.115688
4053.174598
4063.180098
4166.189288
4209.275708
4313.257698
4322.359768
4419.412528
4450.316608
4516.465288
4553.325798
4573.486748
4674.534428
4681.420758
4775.582108
4828.489168
4832.603568
4903.640678
4956.547748
5031.735638
5057.595428
5102.772748
5128.632538
5233.813238
5284.733648
5330.865998
5387.887458
5413.776238
5484.813348
5518.927948
5581.866108
5617.996358
5680.934518
5746.054938
5777.987278
5803.076398
5906.082238
5931.171358
5993.114268
6030.239768
6121.209228
6143.323828
6236.236168
6244.371508
6315.408618
6383.304578
6428.492678
6511.399538
6543.519618
6624.483598
6656.603678
6780.584708
6803.672088
6860.693548
6908.643288
7016.794658
7036.701868
7113.847418
7151.728808
7241.942378
7254.737998
7298.963838
7382.796578
7427.058798
7496.839508
7613.138108
7624.934468
7728.165048
7739.961408
7856.260008
7926.040718
7970.302938
8054.135678
8098.361518
8111.157138
8201.370708
8239.252098
8316.397648
8336.304858
8444.456228
8492.405968
8549.427428
8572.514808
8696.495838
8728.615918
8809.579898
8841.699978
8924.606838
8969.794938
9037.690898
9108.728008
9116.863348
9209.775688
9231.890288
9322.859748
9359.985248
9421.928158
9447.017278
9550.023118
9575.112238
9607.044578
9672.164998
9735.103158
9771.233408
9834.171568
9868.286168
9939.323278
9965.212058
10022.233518
10068.365868
10119.286278
10224.466978
10250.326768
10295.504088
10321.363878
10396.551768
10449.458838
10520.495948
10524.610348
10577.517408
10671.678758
10678.565088
10779.612768
10799.773718
10836.634228
10902.782908
10933.686988
11030.739748
11039.841818
11143.823808
11186.910228
11289.919418
11299.924918
11436.983828
11446.020528
11574.115488
11593.084938
11687.199548
11721.179898
11786.267958
11834.263958
11887.315638
11937.273148
12018.356128
12040.282338
12097.303798
12146.414708
12234.362708
12249.423898
12362.457668
12377.482478
12419.479128
12533.583588
12566.547538
12653.579568
12689.684698
12766.663628
12804.711638
12894.758588
12951.780048
