957
285 912
276 763
317 389
61 514
782 147
569 234
10 9
920 185
542 525
225 503
3 5
562 126
300 884
526 30
69 41
762 453
188 116
874 376
631 51
87 118
344 859
381 182
308 93
387 184
213 47
56 89
291 162
455 206
362 1
113 707
610 283
105 142
363 136
373 177
230 494
853 41
445 672
35 54
66 55
126 205
319 560
357 159
730 535
66 189
646 188
608 364
166 540
592 92
136 12
952 943
812 791
183 214
605 18
501 421
314 200
581 19
215 76
57 117
747 535
648 133
731 116
159 26
18 167
516 677
31 147
84 156
242 192
245 137
315 622
66 269
563 336
826 844
260 490
65 87
30 10
294 66
107 60
70 527
186 452
715 72
428 784
441 899
7 14
416 413
282 113
584 11
95 531
505 273
137 947
792 424
343 713
603 887
216 57
674 94
31 125
911 943
480 637
333 817
790 368
244 105
224 111
746 789
395 6
31 863
26 16
617 908
68 243
109 161
70 797
523 332
36 52
160 580
306 312
172 7
414 840
188 775
286 39
571 401
514 907
8 658
444 566
9 36
80 91
391 409
927 7
753 305
379 619
437 282
134 180
611 774
186 628
33 837
8 79
621 497
211 59
173 156
451 376
93 74
846 572
142 810
195 66
442 643
105 354
45 203
331 33
473 219
691 471
100 33
491 836
879 522
203 515
364 402
125 815
276 39
539 883
121 346
299 162
645 563
81 9
843 427
448 502
2 1
15 1
906 251
300 269
199 166
209 444
876 730
359 349
198 110
857 681
104 5
51 613
175 22
53 541
919 184
98 168
344 460
250 800
614 145
768 692
200 412
278 106
90 586
699 381
732 852
805 419
702 279
6 13
283 202
57 14
322 317
576 124
13 496
228 123
163 516
546 446
431 146
781 327
253 267
3 8
273 149
611 25
289 58
166 719
343 264
79 793
180 726
414 251
86 12
827 3
114 129
86 406
75 12
582 45
146 160
625 436
22 2
694 780
567 743
697 166
48 8
348 492
942 681
206 140
262 146
799 176
212 65
565 18
82 106
946 217
123 72
378 126
10 306
711 248
31 77
231 641
124 62
197 81
145 209
955 123
310 695
141 178
191 147
383 234
312 433
142 737
640 6
67 24
253 2
229 421
210 129
96 10
744 343
108 752
629 16
24 43
604 890
342 454
399 253
604 886
132 1
855 849
7 31
656 212
577 873
826 322
57 145
300 615
555 76
304 266
753 922
631 954
567 756
364 725
227 349
48 301
122 669
267 599
831 546
195 688
413 432
62 895
185 42
666 76
37 126
56 137
832 436
222 382
137 259
141 318
633 300
809 438
249 751
26 111
29 121
668 136
533 461
103 98
747 882
39 114
819 745
30 484
69 193
33 169
515 630
766 13
104 254
536 136
461 509
351 55
538 91
722 177
114 394
620 353
445 40
34 59
48 234
576 686
440 332
202 182
50 12
450 155
364 48
55 867
300 692
437 735
566 734
675 610
705 324
30 200
237 101
509 587
467 443
250 20
277 215
841 276
560 771
96 177
238 264
102 90
40 73
320 642
663 901
7 2
278 670
210 372
41 923
134 723
332 384
143 148
679 606
20 442
149 12
114 115
655 311
760 414
577 474
807 216
53 413
871 147
936 631
73 260
67 263
144 9
551 436
128 941
200 893
393 220
447 42
153 564
671 581
77 410
738 156
918 661
706 607
500 724
4 270
31 687
275 334
181 358
191 931
288 568
89 519
330 190
532 351
681 129
157 150
281 480
61 266
222 510
43 290
897 592
925 573
811 214
338 75
733 605
288 96
318 609
396 49
602 596
531 651
163 74
845 581
777 747
558 364
345 472
110 246
65 68
27 226
99 153
950 556
88 309
187 185
650 629
158 44
182 297
513 520
872 38
100 151
664 481
742 101
166 103
17 184
258 177
588 617
704 690
778 103
542 745
69 865
512 525
591 576
407 889
739 222
700 372
15 285
804 13
528 201
416 802
446 52
693 727
281 721
184 823
204 53
928 820
690 201
712 362
140 787
199 822
693 241
791 298
674 786
26 35
18 661
378 909
284 335
926 790
221 5
84 685
378 866
896 516
255 185
131 78
930 234
4 45
833 603
329 51
387 489
15 347
95 70
718 524
900 895
680 498
798 162
247 163
78 68
336 101
171 275
776 467
353 249
767 104
143 495
305 85
549 413
498 194
4 34
12 5
935 488
206 665
464 126
1 21
448 554
94 54
416 593
213 436
28 38
325 583
143 311
181 303
647 600
604 736
709 7
409 465
135 162
589 211
894 489
84 22
806 113
135 634
165 257
287 111
860 457
486 185
11 8
801 929
590 260
222 657
881 536
466 485
76 788
18 12
293 227
710 450
367 487
463 32
392 482
272 45
493 659
128 18
516 638
16 8
939 250
67 239
96 139
953 127
315 374
473 848
603 120
341 128
764 98
649 120
77 105
238 176
329 585
757 358
18 46
458 4
404 181
651 864
192 877
6 3
238 948
131 825
830 753
256 230
547 113
449 419
6 28
380 228
5 653
156 438
236 84
36 574
166 770
274 917
27 2
54 573
315 43
18 537
131 179
212 356
351 858
741 709
601 552
801 393
760 938
231 9
880 29
504 132
64 310
475 264
138 861
281 266
266 317
313 419
828 951
888 874
9 64
484 512
426 292
107 140
287 557
772 562
422 43
570 467
56 10
169 427
80 57
517 550
229 370
402 499
313 221
199 405
51 339
112 55
265 121
65 146
465 511
835 449
6 49
914 213
816 397
102 316
234 820
783 538
61 1
48 55
7 19
271 274
95 397
65 92
40 15
398 238
70 578
446 652
289 769
53 27
66 186
298 124
138 82
43 225
358 529
271 83
479 321
673 450
600 750
408 342
956 30
235 99
386 483
298 632
440 626
575 170
377 63
176 803
934 194
662 79
22 130
96 468
161 469
9 4
43 83
330 506
842 79
86 248
588 481
794 238
212 340
67 122
444 824
644 576
241 177
351 796
407 214
513 393
65 35
108 1
641 829
545 504
369 361
474 421
132 579
127 70
317 854
517 515
507 125
47 70
376 476
572 88
916 664
535 170
44 170
500 342
703 610
29 361
23 2
20 376
126 403
141 68
22 33
187 635
464 924
592 714
594 28
424 415
149 456
235 386
481 459
870 218
13 98
957 656
827 892
78 684
240 279
222 204
425 240
179 400
108 795
355 435
51 344
411 354
99 165
623 161
18 51
107 280
182 42
497 202
512 521
618 580
561 187
44 22
156 371
847 367
365 17
493 250
405 813
193 553
82 40
548 500
595 515
173 758
61 292
556 423
904 234
284 34
70 109
230 134
268 754
382 530
261 200
933 502
63 59
340 627
89 606
746 298
944 627
104 110
115 249
140 164
740 57
667 57
97 201
614 779
785 772
538 567
243 327
116 10
940 652
52 119
252 122
95 220
759 256
587 678
385 434
547 596
524 338
251 173
607 601
44 60
8 296
677 761
81 120
391 42
658 694
187 333
945 11
537 701
407 654
325 80
522 67
839 241
332 44
240 168
40 99
207 2
182 217
28 233
181 194
95 219
742 838
350 77
42 21
273 765
90 429
828 535
729 726
855 902
559 343
181 55
179 375
466 85
250 915
11 32
7 171
773 313
810 949
708 251
111 385
470 263
190 40
47 430
458 834
477 453
626 850
16 29
536 862
37 24
345 24
307 439
455 663
44 85
39 29
508 276
162 478
395 660
101 30
274 539
25 208
50 58
717 493
475 868
544 409
747 755
428 397
489 856
905 703
818 626
17 366
600 130
612 342
38 227
134 229
269 401
327 328
88 36
218 169
461 178
155 89
115 174
850 937
488 449
732 494
183 324
72 23
534 315
689 450
820 849
152 154
379 277
135 22
585 624
162 491
609 875
446 891
25 16
443 28
142 913
9 113
390 111
19 24
2 4
247 457
338 392
545 636
178 295
294 441
423 263
2 698
569 814
728 303
96 903
48 150
67 302
664 720
552 124
223 69
348 180
112 639
471 242
683 149
709 885
13 152
911 320
326 223
597 65
76 97
355 44
